stamp,last_fuse_time,fuse_step,fuse_backtrack,dropped_fuse_count,rejected_fuse_count,oracle,com_dt_0,com_age_0,com_dt_1,com_age_1,com_dt_3,com_age_3,uwb_dt,uwb_age,camera_dt,camera_age,ins_dt,ins_age,gt_dt,gt_age,mission_stage,uwb_stddev,camera_msg_fresh,camera_raw_count,camera_valid_target,camera_angle_constraints,camera_xy_constraints,camera_used_in_cost,camera_target_mask,P_opt_x,P_opt_y,P_opt_z
165.800000000,0.000000000,0.000000000,0,0,85,0,0.167022494,0.167022494,-0.100000000,0.100000000,0.193056955,0.193056955,-0.010000000,0.010000000,-0.044000000,0.044000000,-0.004877425,0.004877425,0.014000000,0.014000000,1,0.050000000,1,0,0,0,0,0,0,0.012638602,0.006405853,0.376250787
165.900000000,165.800000000,0.100000000,0,0,85,0,0.167024974,0.167024974,-0.100000000,0.100000000,0.193053416,0.193053416,0.010000000,0.010000000,-0.144000000,0.144000000,-0.004875182,0.004875182,-0.010000000,0.010000000,1,0.050000000,1,0,0,0,0,0,0,0.003750991,0.037521806,0.446207532
166.000000000,165.900000000,0.100000000,0,0,85,0,-0.100000000,0.100000000,-0.100000000,0.100000000,-0.100000000,0.100000000,-0.010000000,0.010000000,-0.244000000,0.244000000,-0.004872937,0.004872937,0.002000000,0.002000000,1,0.050000000,1,0,0,0,0,0,0,0.045633780,0.001718642,0.524379067
166.100000000,166.000000000,0.100000000,0,0,85,0,-0.100000000,0.100000000,-0.100000000,0.100000000,-0.100000000,0.100000000,0.010000000,0.010000000,-0.144000000,0.144000000,-0.008876692,0.008876692,0.016000000,0.016000000,1,0.050000000,1,0,0,0,0,0,0,0.106685930,-0.004898114,0.586140188
166.200000000,166.100000000,0.100000000,0,0,85,0,-0.100000000,0.100000000,-0.100000000,0.100000000,-0.100000000,0.100000000,-0.010000000,0.010000000,-0.244000000,0.244000000,-0.004874446,0.004874446,-0.010000000,0.010000000,1,0.050000000,1,0,0,0,0,0,0,0.105906093,-0.036718326,0.666472469
166.300000000,166.200000000,0.100000000,0,0,85,0,-0.100000000,0.100000000,-0.100000000,0.100000000,-0.100000000,0.100000000,0.010000000,0.010000000,-0.044000000,0.044000000,-0.004878198,0.004878198,0.002000000,0.002000000,1,0.050000000,1,0,0,0,0,0,0,0.055137678,0.009809340,0.710877891
166.400000000,166.300000000,0.100000000,0,0,85,0,-0.100000000,0.100000000,-0.100000000,0.100000000,-0.100000000,0.100000000,-0.010000000,0.010000000,-0.144000000,0.144000000,-0.004881949,0.004881949,0.014000000,0.014000000,1,0.050000000,1,0,0,0,0,0,0,0.024962536,-0.033345479,0.794313905
166.500000000,166.400000000,0.100000000,0,0,85,0,-0.100000000,0.100000000,-0.100000000,0.100000000,-0.100000000,0.100000000,0.010000000,0.010000000,-0.044000000,0.044000000,-0.000877448,0.000877448,-0.008000000,0.008000000,1,0.050000000,1,0,0,0,0,0,0,-0.015986491,-0.056324400,0.903126301
166.600000000,166.500000000,0.100000000,0,0,85,0,-0.100000000,0.100000000,-0.100000000,0.100000000,-0.100000000,0.100000000,-0.010000000,0.010000000,-0.144000000,0.144000000,0.003118804,0.003118804,0.018000000,0.018000000,1,0.050000000,1,0,0,0,0,0,0,-0.012401700,-0.068193157,0.963486232
166.700000000,166.600000000,0.100000000,0,0,85,0,-0.100000000,0.100000000,-0.100000000,0.100000000,-0.100000000,0.100000000,0.010000000,0.010000000,-0.044000000,0.044000000,0.007115058,0.007115058,0.000000000,0.000000000,1,0.050000000,1,0,0,0,0,0,0,-0.024640167,-0.066057584,1.044315371
166.800000000,166.700000000,0.100000000,0,0,85,0,-0.100000000,0.100000000,-0.100000000,0.100000000,-0.100000000,0.100000000,-0.010000000,0.010000000,-0.144000000,0.144000000,-0.008884942,0.008884942,0.012000000,0.012000000,1,0.050000000,1,0,0,0,0,0,0,-0.081989608,-0.080552323,1.085633370
166.900000000,166.800000000,0.100000000,0,0,85,0,-0.100000000,0.100000000,-0.100000000,0.100000000,-0.100000000,0.100000000,0.010000000,0.010000000,-0.042000000,0.042000000,-0.008910432,0.008910432,-0.002000000,0.002000000,1,0.050000000,1,0,0,0,0,0,0,-0.054621752,-0.141993301,1.148805248
167.000000000,166.900000000,0.100000000,0,0,85,0,-0.100000000,0.100000000,-0.100000000,0.100000000,-0.100000000,0.100000000,-0.010000000,0.010000000,-0.142000000,0.142000000,-0.004926174,0.004926174,0.006000000,0.006000000,1,0.050000000,1,0,0,0,0,0,0,-0.014591792,-0.183460257,1.217458945
167.100000000,167.000000000,0.100000000,0,0,85,0,-0.100000000,0.100000000,-0.100000000,0.100000000,-0.100000000,0.100000000,0.010000000,0.010000000,-0.242000000,0.242000000,-0.008923915,0.008923915,-0.010000000,0.010000000,1,0.050000000,1,0,0,0,0,0,0,-0.013984283,-0.193149044,1.282115656
167.200000000,167.100000000,0.100000000,0,0,85,0,-0.100000000,0.100000000,-0.100000000,0.100000000,-0.100000000,0.100000000,-0.010000000,0.010000000,-0.138000000,0.138000000,-0.008924655,0.008924655,0.002000000,0.002000000,1,0.050000000,1,0,0,0,0,0,0,0.028943449,-0.239400361,1.360404506
167.300000000,167.200000000,0.100000000,0,0,85,0,-0.100000000,0.100000000,-0.100000000,0.100000000,-0.100000000,0.100000000,0.010000000,0.010000000,-0.238000000,0.238000000,-0.008922393,0.008922393,-0.008000000,0.008000000,1,0.050000000,1,0,0,0,0,0,0,0.037819769,-0.273048407,1.437602578
167.400000000,167.300000000,0.100000000,0,0,85,0,-0.100000000,0.100000000,-0.100000000,0.100000000,-0.100000000,0.100000000,-0.009600000,0.009600000,-0.138000000,0.138000000,-0.008926130,0.008926130,0.020000000,0.020000000,1,0.050000000,1,0,0,0,0,0,0,-0.024609306,-0.237110633,1.501278713
167.500000000,167.400000000,0.100000000,0,0,85,0,-0.100000000,0.100000000,-0.100000000,0.100000000,-0.100000000,0.100000000,0.010400000,0.010400000,-0.238000000,0.238000000,-0.004923864,0.004923864,0.000000000,0.000000000,1,0.050000000,1,0,0,0,0,0,0,-0.071396461,-0.168891325,1.563787434
167.600000000,167.500000000,0.100000000,0,0,85,0,-0.100000000,0.100000000,-0.100000000,0.100000000,-0.100000000,0.100000000,-0.010000000,0.010000000,-0.338000000,0.338000000,-0.004925330,0.004925330,-0.016000000,0.016000000,1,0.050000000,1,0,0,0,0,0,0,-0.046971800,-0.180379950,1.659637884
167.700000000,167.600000000,0.100000000,0,0,85,0,-0.100000000,0.100000000,-0.100000000,0.100000000,-0.100000000,0.100000000,0.010000000,0.010000000,-0.138000000,0.138000000,-0.004925330,0.004925330,0.002000000,0.002000000,1,0.050000000,1,0,0,0,0,0,0,0.047039425,-0.227055202,1.741825630
167.800000000,167.700000000,0.100000000,0,0,85,0,-0.100000000,0.100000000,-0.100000000,0.100000000,-0.100000000,0.100000000,-0.010000000,0.010000000,-0.238000000,0.238000000,0.003070211,0.003070211,-0.016000000,0.016000000,1,0.050000000,1,0,0,0,0,0,0,0.085287859,-0.277730471,1.801348451
167.900000000,167.800000000,0.100000000,0,0,85,0,-0.100000000,0.100000000,-0.100000000,0.100000000,-0.100000000,0.100000000,0.010800000,0.010800000,-0.338000000,0.338000000,0.003070211,0.003070211,-0.002000000,0.002000000,1,0.050000000,1,0,0,0,0,0,0,0.046263231,-0.334684820,1.870216968
168.000000000,167.900000000,0.100000000,0,0,85,0,-0.100000000,0.100000000,-0.100000000,0.100000000,-0.100000000,0.100000000,-0.009200000,0.009200000,-0.138000000,0.138000000,0.007068758,0.007068758,-0.006000000,0.006000000,1,0.050000000,1,0,0,0,0,0,0,0.013118271,-0.310754339,1.929156178
168.100000000,168.000000000,0.100000000,0,0,85,0,-0.100000000,0.100000000,-0.100000000,0.100000000,-0.100000000,0.100000000,0.010000000,0.010000000,-0.238000000,0.238000000,-0.004931242,0.004931242,0.020000000,0.020000000,1,0.050000000,1,0,0,0,0,0,0,-0.000812740,-0.241748562,1.967938802
168.200000000,168.100000000,0.100000000,0,0,85,0,-0.100000000,0.100000000,-0.100000000,0.100000000,-0.100000000,0.100000000,-0.009600000,0.009600000,-0.338000000,0.338000000,-0.004934967,0.004934967,0.000000000,0.000000000,1,0.050000000,1,0,0,0,0,0,0,0.004067878,-0.264577321,2.020111361
168.300000000,168.200000000,0.100000000,0,0,85,0,-0.100000000,0.100000000,-0.100000000,0.100000000,-0.100000000,0.100000000,0.011200000,0.011200000,-0.238000000,0.238000000,-0.004944689,0.004944689,-0.014000000,0.014000000,1,0.050000000,1,0,0,0,0,0,0,0.064507032,-0.358959048,2.079471357
168.400000000,168.300000000,0.100000000,0,0,85,0,-0.100000000,0.100000000,-0.100000000,0.100000000,-0.100000000,0.100000000,-0.009200000,0.009200000,-0.338000000,0.338000000,-0.004951410,0.004951410,0.004000000,0.004000000,1,0.050000000,1,0,0,0,0,0,0,0.113613375,-0.386762841,2.136967243
168.500000000,168.400000000,0.100000000,0,0,85,0,-0.100000000,0.100000000,-0.100000000,0.100000000,-0.100000000,0.100000000,0.010000000,0.010000000,-0.438000000,0.438000000,-0.004949130,0.004949130,0.014000000,0.014000000,1,0.050000000,1,0,0,0,0,0,0,0.057871187,-0.390146393,2.205635111
168.600000000,168.500000000,0.100000000,0,0,85,0,-0.100000000,0.100000000,-0.100000000,0.100000000,-0.100000000,0.100000000,-0.009600000,0.009600000,-0.238000000,0.238000000,-0.004946847,0.004946847,-0.006000000,0.006000000,1,0.050000000,1,0,0,0,0,0,0,0.030679102,-0.413243146,2.269851705
168.700000000,168.600000000,0.100000000,0,0,85,0,-0.100000000,0.100000000,-0.100000000,0.100000000,-0.100000000,0.100000000,0.010400000,0.010400000,-0.338000000,0.338000000,-0.004944563,0.004944563,0.006000000,0.006000000,1,0.050000000,1,0,0,0,0,0,0,0.017750530,-0.406835286,2.327677129
168.800000000,168.700000000,0.100000000,0,0,85,0,-0.100000000,0.100000000,-0.100000000,0.100000000,-0.100000000,0.100000000,-0.008400000,0.008400000,-0.438000000,0.438000000,-0.004948277,0.004948277,-0.018000000,0.018000000,1,0.050000000,1,0,0,0,0,0,0,0.005575195,-0.359687805,2.371805547
168.900000000,168.800000000,0.100000000,0,0,85,0,-0.100000000,0.100000000,-0.100000000,0.100000000,-0.100000000,0.100000000,0.011600000,0.011600000,-0.136000000,0.136000000,-0.004945990,0.004945990,-0.012000000,0.012000000,1,0.050000000,1,0,0,0,0,0,0,0.042849779,-0.366309392,2.405525341
169.000000000,168.900000000,0.100000000,0,0,85,0,-0.100000000,0.100000000,-0.100000000,0.100000000,-0.100000000,0.100000000,-0.010000000,0.010000000,-0.236000000,0.236000000,-0.004959410,0.004959410,-0.006000000,0.006000000,1,0.050000000,1,0,0,0,0,0,0,0.041391964,-0.364214379,2.447591510
169.100000000,169.000000000,0.100000000,0,0,85,0,-0.100000000,0.100000000,-0.100000000,0.100000000,-0.100000000,0.100000000,0.010000000,0.010000000,-0.336000000,0.336000000,-0.000963117,0.000963117,0.002000000,0.002000000,1,0.050000000,1,0,0,0,0,0,0,0.022887316,-0.327797504,2.501614306
169.200000000,169.100000000,0.100000000,0,0,85,0,-0.100000000,0.100000000,-0.100000000,0.100000000,-0.100000000,0.100000000,-0.010000000,0.010000000,-0.436000000,0.436000000,0.003033177,0.003033177,0.016000000,0.016000000,1,0.050000000,1,0,0,0,0,0,0,0.044576475,-0.368657910,2.542241816
169.300000000,169.200000000,0.100000000,0,0,85,0,-0.100000000,0.100000000,-0.100000000,0.100000000,-0.100000000,0.100000000,0.010000000,0.010000000,-0.236000000,0.236000000,0.007035473,0.007035473,-0.006000000,0.006000000,1,0.050000000,1,0,0,0,0,0,0,0.001695701,-0.324797953,2.567751241
169.400000000,169.300000000,0.100000000,0,0,85,0,-0.100000000,0.100000000,-0.100000000,0.100000000,-0.100000000,0.100000000,-0.010000000,0.010000000,-0.336000000,0.336000000,-0.004962229,0.004962229,0.006000000,0.006000000,1,0.050000000,1,0,0,0,0,0,0,-0.021645620,-0.300907211,2.586719740
169.500000000,169.400000000,0.100000000,0,0,85,0,-0.100000000,0.100000000,-0.100000000,0.100000000,-0.100000000,0.100000000,0.010000000,0.010000000,-0.436000000,0.436000000,-0.004968929,0.004968929,0.016000000,0.016000000,1,0.050000000,1,0,0,0,0,0,0,0.012292202,-0.325076467,2.619669671
169.600000000,169.500000000,0.100000000,0,0,85,0,-0.100000000,0.100000000,-0.100000000,0.100000000,-0.100000000,0.100000000,-0.010000000,0.010000000,-0.536000000,0.536000000,-0.004966628,0.004966628,-0.006000000,0.006000000,1,0.050000000,0,0,0,0,0,0,0,0.075220006,-0.354017783,2.665279121
169.700000000,169.600000000,0.100000000,0,0,85,0,-0.100000000,0.100000000,-0.100000000,0.100000000,-0.100000000,0.100000000,0.010000000,0.010000000,-0.236000000,0.236000000,-0.008964325,0.008964325,0.004000000,0.004000000,1,0.050000000,1,0,0,0,0,0,0,0.154160019,-0.377883100,2.683588898
169.800000000,169.700000000,0.100000000,0,0,85,0,-0.100000000,0.100000000,-0.100000000,0.100000000,-0.100000000,0.100000000,-0.010000000,0.010000000,-0.336000000,0.336000000,-0.008971019,0.008971019,0.014000000,0.014000000,1,0.050000000,1,0,0,0,0,0,0,0.209347933,-0.381746295,2.699046034
169.900000000,169.800000000,0.100000000,0,0,85,0,-0.100000000,0.100000000,-0.100000000,0.100000000,-0.100000000,0.100000000,0.010000000,0.010000000,-0.436000000,0.436000000,-0.004974713,0.004974713,-0.006000000,0.006000000,1,0.050000000,1,0,0,0,0,0,0,0.226805266,-0.356575687,2.704834204
170.000000000,169.900000000,0.100000000,0,0,85,0,-0.100000000,0.100000000,-0.100000000,0.100000000,-0.100000000,0.100000000,-0.010000000,0.010000000,-0.136000000,0.136000000,-0.004966404,0.004966404,0.004000000,0.004000000,1,0.050000000,1,0,0,0,0,0,0,0.224693328,-0.348080940,2.718085338
170.100000000,170.000000000,0.100000000,0,0,85,0,-0.100000000,0.100000000,-0.100000000,0.100000000,-0.100000000,0.100000000,0.010000000,0.010000000,-0.236000000,0.236000000,-0.004967093,0.004967093,-0.018000000,0.018000000,1,0.050000000,1,0,0,0,0,0,0,0.179041803,-0.350436540,2.727450290
170.200000000,170.100000000,0.100000000,0,0,85,0,-0.100000000,0.100000000,-0.100000000,0.100000000,-0.100000000,0.100000000,-0.010000000,0.010000000,-0.336000000,0.336000000,-0.004970781,0.004970781,-0.004000000,0.004000000,1,0.050000000,1,0,0,0,0,0,0,0.162197877,-0.372888389,2.741656362
170.300000000,170.200000000,0.100000000,0,0,85,0,-0.100000000,0.100000000,-0.100000000,0.100000000,-0.100000000,0.100000000,0.010000000,0.010000000,-0.136000000,0.136000000,-0.000974467,0.000974467,0.004000000,0.004000000,1,0.050000000,1,0,0,0,0,0,0,0.188792408,-0.387556727,2.775909580
170.400000000,170.300000000,0.100000000,0,0,85,0,-0.100000000,0.100000000,-0.100000000,0.100000000,-0.100000000,0.100000000,-0.010000000,0.010000000,-0.236000000,0.236000000,-0.000972151,0.000972151,0.010000000,0.010000000,1,0.050000000,1,0,0,0,0,0,0,0.216442880,-0.355249547,2.781975142
170.500000000,170.400000000,0.100000000,0,0,85,0,-0.100000000,0.100000000,-0.100000000,0.100000000,-0.100000000,0.100000000,0.010000000,0.010000000,-0.336000000,0.336000000,0.003024167,0.003024167,-0.012000000,0.012000000,1,0.050000000,1,0,0,0,0,0,0,0.234101785,-0.359637253,2.786792874
170.600000000,170.500000000,0.100000000,0,0,85,0,-0.100000000,0.100000000,-0.100000000,0.100000000,-0.100000000,0.100000000,-0.010000000,0.010000000,-0.136000000,0.136000000,0.007023486,0.007023486,0.000000000,0.000000000,1,0.050000000,1,0,0,0,0,0,0,0.234721789,-0.364531429,2.792870642
170.700000000,170.600000000,0.100000000,0,0,85,0,-0.100000000,0.100000000,-0.100000000,0.100000000,-0.100000000,0.100000000,0.010000000,0.010000000,-0.236000000,0.236000000,-0.008974192,0.008974192,0.012000000,0.012000000,1,0.050000000,1,0,0,0,0,0,0,0.198805488,-0.375848264,2.798771779
170.800000000,170.700000000,0.100000000,0,0,85,0,-0.100000000,0.100000000,-0.100000000,0.100000000,-0.100000000,0.100000000,-0.010000000,0.010000000,-0.136000000,0.136000000,-0.004977869,0.004977869,-0.010000000,0.010000000,1,0.050000000,1,0,0,0,0,0,0,0.138774537,-0.354606968,2.814011437
170.900000000,170.800000000,0.100000000,0,0,85,0,-0.100000000,0.100000000,-0.100000000,0.100000000,-0.100000000,0.100000000,0.010000000,0.010000000,-0.236000000,0.236000000,-0.004981544,0.004981544,0.000000000,0.000000000,1,0.050000000,1,0,0,0,0,0,0,0.150046461,-0.342501284,2.828418611
171.000000000,170.900000000,0.100000000,0,0,85,0,-0.100000000,0.100000000,-0.100000000,0.100000000,-0.100000000,0.100000000,-0.010000000,0.010000000,-0.336000000,0.336000000,-0.004973217,0.004973217,0.016000000,0.016000000,1,0.050000000,1,0,0,0,0,0,0,0.139155141,-0.354334328,2.838378467
171.100000000,171.000000000,0.100000000,0,0,85,0,-0.100000000,0.100000000,-0.100000000,0.100000000,-0.100000000,0.100000000,0.010000000,0.010000000,-0.136000000,0.136000000,-0.008988889,0.008988889,-0.008000000,0.008000000,1,0.050000000,1,0,0,0,0,0,0,0.171636770,-0.377748590,2.842348193
171.200000000,171.100000000,0.100000000,0,0,85,0,-0.100000000,0.100000000,-0.100000000,0.100000000,-0.100000000,0.100000000,-0.010000000,0.010000000,-0.236000000,0.236000000,-0.008992558,0.008992558,0.004000000,0.004000000,1,0.050000000,1,0,0,0,0,0,0,0.206569858,-0.350270138,2.852281765
171.300000000,171.200000000,0.100000000,0,0,85,0,-0.100000000,0.100000000,-0.100000000,0.100000000,-0.100000000,0.100000000,0.010000000,0.010000000,-0.336000000,0.336000000,-0.008996225,0.008996225,0.016000000,0.016000000,1,0.050000000,1,0,0,0,0,0,0,0.223407864,-0.304239649,2.855642446
171.400000000,171.300000000,0.100000000,0,0,85,0,-0.100000000,0.100000000,-0.100000000,0.100000000,-0.100000000,0.100000000,-0.009600000,0.009600000,-0.136000000,0.136000000,-0.008999891,0.008999891,0.000000000,0.000000000,2,0.050000000,1,0,0,0,0,0,0,0.215239856,-0.294651247,2.851161152
171.500000000,171.400000000,0.100000000,0,0,85,0,-0.100000000,0.100000000,-0.100000000,0.100000000,-0.100000000,0.100000000,0.010400000,0.010400000,-0.236000000,0.236000000,-0.005010216,0.005010216,0.014000000,0.014000000,2,0.050000000,1,0,0,0,0,0,0,0.230072262,-0.318290205,2.856794721
171.600000000,171.500000000,0.100000000,0,0,85,0,-0.100000000,0.100000000,-0.100000000,0.100000000,-0.100000000,0.100000000,-0.009600000,0.009600000,-0.336000000,0.336000000,-0.001007875,0.001007875,0.012000000,0.012000000,2,0.050000000,1,0,0,0,0,0,0,0.272105489,-0.338244416,2.863596083
171.700000000,171.600000000,0.100000000,0,0,85,0,-0.100000000,0.100000000,-0.100000000,0.100000000,-0.100000000,0.100000000,0.011200000,0.011200000,-0.236000000,0.236000000,0.002994467,0.002994467,0.000000000,0.000000000,2,0.050000000,1,0,0,0,0,0,0,0.256579761,-0.292969876,2.860730406
171.800000000,171.700000000,0.100000000,0,0,85,0,-0.100000000,0.100000000,-0.100000000,0.100000000,-0.100000000,0.100000000,-0.008800000,0.008800000,-0.336000000,0.336000000,-0.005005533,0.005005533,-0.018000000,0.018000000,2,0.050000000,1,0,0,0,0,0,0,0.255829114,-0.319491227,2.864082194
171.900000000,171.800000000,0.100000000,0,0,85,0,-0.100000000,0.100000000,-0.100000000,0.100000000,-0.100000000,0.100000000,0.010400000,0.010400000,-0.436000000,0.436000000,-0.005003188,0.005003188,-0.006000000,0.006000000,2,0.050000000,1,0,0,0,0,0,0,0.261460573,-0.372160822,2.867204956
172.000000000,171.900000000,0.100000000,0,0,85,0,-0.100000000,0.100000000,-0.100000000,0.100000000,-0.100000000,0.100000000,-0.010000000,0.010000000,-0.236000000,0.236000000,-0.009000841,0.009000841,0.012000000,0.012000000,2,0.050000000,1,0,0,0,0,0,0,0.318396032,-0.366803176,2.868199001
172.100000000,172.000000000,0.100000000,0,0,85,0,-0.100000000,0.100000000,-0.100000000,0.100000000,-0.100000000,0.100000000,0.010000000,0.010000000,-0.336000000,0.336000000,-0.009010493,0.009010493,-0.004000000,0.004000000,2,0.050000000,1,0,0,0,0,0,0,0.429682961,-0.444445563,2.873613104
172.200000000,172.100000000,0.100000000,0,0,85,0,-0.100000000,0.100000000,-0.100000000,0.100000000,-0.100000000,0.100000000,-0.009600000,0.009600000,-0.436000000,0.436000000,-0.009008142,0.009008142,-0.010000000,0.010000000,2,0.050000000,1,0,0,0,0,0,0,0.436161576,-0.470280691,2.890135288
172.300000000,172.200000000,0.100000000,0,0,85,0,-0.100000000,0.100000000,-0.100000000,0.100000000,-0.100000000,0.100000000,0.010400000,0.010400000,-0.536000000,0.536000000,-0.005005789,0.005005789,-0.020000000,0.020000000,2,0.050000000,0,0,0,0,0,0,0,0.355878105,-0.491290513,2.882101718
172.400000000,172.300000000,0.100000000,0,0,85,0,-0.100000000,0.100000000,-0.100000000,0.100000000,-0.100000000,0.100000000,-0.010000000,0.010000000,-0.636000000,0.636000000,-0.005009435,0.005009435,0.004000000,0.004000000,2,0.050000000,0,0,0,0,0,0,0,0.314941697,-0.530757410,2.893485771
172.500000000,172.400000000,0.100000000,0,0,85,0,-0.100000000,0.100000000,-0.100000000,0.100000000,-0.100000000,0.100000000,0.010000000,0.010000000,-0.436000000,0.436000000,-0.005007078,0.005007078,-0.016000000,0.016000000,2,0.050000000,1,0,0,0,0,0,0,0.344583660,-0.530971266,2.885464640
172.600000000,172.500000000,0.100000000,0,0,85,0,-0.100000000,0.100000000,-0.100000000,0.100000000,-0.100000000,0.100000000,-0.010000000,0.010000000,-0.536000000,0.536000000,-0.005004719,0.005004719,-0.002000000,0.002000000,2,0.050000000,0,0,0,0,0,0,0,0.395171120,-0.557125482,2.893396272
172.700000000,172.600000000,0.100000000,0,0,85,0,-0.100000000,0.100000000,-0.100000000,0.100000000,-0.100000000,0.100000000,0.010000000,0.010000000,-0.636000000,0.636000000,-0.005002359,0.005002359,0.010000000,0.010000000,2,0.050000000,0,0,0,0,0,0,0,0.400269203,-0.547235255,2.886746407
172.800000000,172.700000000,0.100000000,0,0,85,0,-0.100000000,0.100000000,-0.100000000,0.100000000,-0.100000000,0.100000000,-0.010000000,0.010000000,-0.736000000,0.736000000,-0.005003631,0.005003631,-0.012000000,0.012000000,2,0.050000000,0,0,0,0,0,0,0,0.363039040,-0.521556222,2.885146029
172.900000000,172.800000000,0.100000000,0,0,85,0,-0.100000000,0.100000000,-0.100000000,0.100000000,-0.100000000,0.100000000,0.010000000,0.010000000,-0.836000000,0.836000000,-0.001001265,0.001001265,0.002000000,0.002000000,2,0.050000000,0,0,0,0,0,0,0,0.345159931,-0.499519306,2.881238059
173.000000000,172.900000000,0.100000000,0,0,85,0,-0.100000000,0.100000000,-0.100000000,0.100000000,-0.100000000,0.100000000,-0.010000000,0.010000000,-0.336000000,0.336000000,0.003001104,0.003001104,0.012000000,0.012000000,2,0.050000000,1,0,0,0,0,0,0,0.389997644,-0.509355896,2.884462267
173.100000000,173.000000000,0.100000000,0,0,85,0,-0.100000000,0.100000000,-0.100000000,0.100000000,-0.100000000,0.100000000,0.010000000,0.010000000,-0.436000000,0.436000000,0.007003474,0.007003474,0.000000000,0.000000000,2,0.050000000,1,0,0,0,0,0,0,0.399131440,-0.435442532,2.883817804
173.200000000,173.100000000,0.100000000,0,0,85,0,-0.100000000,0.100000000,-0.100000000,0.100000000,-0.100000000,0.100000000,-0.010000000,0.010000000,-0.536000000,0.536000000,-0.004996526,0.004996526,-0.012000000,0.012000000,2,0.050000000,0,0,0,0,0,0,0,0.396645693,-0.463823216,2.883416188
173.300000000,173.200000000,0.100000000,0,0,85,0,-0.100000000,0.100000000,-0.100000000,0.100000000,-0.100000000,0.100000000,0.010000000,0.010000000,-0.236000000,0.236000000,-0.004994154,0.004994154,0.000000000,0.000000000,2,0.050000000,1,0,0,0,0,0,0,0.416085801,-0.434672801,2.875343368
173.400000000,173.300000000,0.100000000,0,0,85,0,-0.100000000,0.100000000,-0.100000000,0.100000000,-0.100000000,0.100000000,-0.010000000,0.010000000,-0.336000000,0.336000000,-0.004997780,0.004997780,0.014000000,0.014000000,3,0.065000000,1,0,0,0,0,0,0,0.443084857,-0.457883618,2.875852494
173.500000000,173.400000000,0.100000000,0,0,85,0,-0.100000000,0.100000000,-0.100000000,0.100000000,-0.100000000,0.100000000,0.010000000,0.010000000,-0.436000000,0.436000000,-0.005001404,0.005001404,-0.008000000,0.008000000,3,0.065000000,1,0,0,0,0,0,0,0.408294986,-0.534586521,2.874656080
173.600000000,173.500000000,0.100000000,0,0,85,0,-0.100000000,0.100000000,-0.100000000,0.100000000,-0.100000000,0.100000000,-0.010000000,0.010000000,-0.536000000,0.536000000,-0.005005026,0.005005026,0.000000000,0.000000000,3,0.065000000,0,0,0,0,0,0,0,0.323040891,-0.521984653,2.866873879
173.700000000,173.600000000,0.100000000,0,0,85,0,-0.100000000,0.100000000,-0.100000000,0.100000000,-0.100000000,0.100000000,0.004666667,0.004666667,-0.636000000,0.636000000,-0.005002647,0.005002647,0.016000000,0.016000000,3,0.065000000,0,0,0,0,0,0,0,0.374217714,-0.499529550,2.869055986
173.800000000,173.700000000,0.100000000,0,0,85,0,-0.100000000,0.100000000,-0.100000000,0.100000000,-0.100000000,0.100000000,-0.009600000,0.009600000,-0.336000000,0.336000000,-0.005006265,0.005006265,-0.008000000,0.008000000,3,0.065000000,1,0,0,0,0,0,0,0.416859527,-0.514059679,2.874014431
173.900000000,173.800000000,0.100000000,0,0,85,0,-0.100000000,0.100000000,-0.100000000,0.100000000,-0.100000000,0.100000000,0.010400000,0.010400000,-0.436000000,0.436000000,-0.009009882,0.009009882,0.010000000,0.010000000,3,0.065000000,1,0,0,0,0,0,0,0.421176409,-0.526881287,2.880786810
174.000000000,173.900000000,0.100000000,0,0,85,0,-0.100000000,0.100000000,-0.100000000,0.100000000,-0.100000000,0.100000000,-0.010000000,0.010000000,-0.136000000,0.136000000,-0.005007496,0.005007496,0.000000000,0.000000000,3,0.065000000,1,0,0,0,0,0,0,0.415429541,-0.494232041,2.888324918
174.100000000,174.000000000,0.100000000,0,0,85,0,-0.100000000,0.100000000,-0.100000000,0.100000000,-0.100000000,0.100000000,0.010000000,0.010000000,-0.236000000,0.236000000,-0.005002720,0.005002720,0.004000000,0.004000000,3,0.065000000,1,0,0,0,0,0,0,0.454063835,-0.502249411,2.914743754
174.200000000,174.100000000,0.100000000,0,0,85,0,-0.100000000,0.100000000,-0.100000000,0.100000000,-0.100000000,0.100000000,-0.010000000,0.010000000,-0.136000000,0.136000000,-0.001000329,0.001000329,0.016000000,0.016000000,3,0.065000000,1,0,0,0,0,0,0,0.535931666,-0.549233155,2.920927305
174.300000000,174.200000000,0.100000000,0,0,85,0,-0.100000000,0.100000000,-0.100000000,0.100000000,-0.100000000,0.100000000,0.010000000,0.010000000,-0.036000000,0.036000000,-0.001003936,0.001003936,-0.006000000,0.006000000,3,0.065000000,1,0,0,0,0,0,0,0.498035698,-0.575060576,2.918867304
174.400000000,174.300000000,0.100000000,0,0,85,0,-0.100000000,0.100000000,-0.100000000,0.100000000,-0.100000000,0.100000000,-0.010000000,0.010000000,-0.136000000,0.136000000,-0.005003936,0.005003936,0.008000000,0.008000000,3,0.065000000,1,0,0,0,0,0,0,0.390793575,-0.522110999,2.920033411
174.500000000,174.400000000,0.100000000,0,0,85,0,-0.100000000,0.100000000,-0.100000000,0.100000000,-0.100000000,0.100000000,0.010000000,0.010000000,-0.036000000,0.036000000,-0.005001541,0.005001541,-0.016000000,0.016000000,3,0.065000000,1,0,0,0,0,0,0,0.358630667,-0.459565920,2.920584193
174.600000000,174.500000000,0.100000000,0,0,85,0,-0.100000000,0.100000000,-0.100000000,0.100000000,-0.100000000,0.100000000,-0.009600000,0.009600000,-0.036000000,0.036000000,-0.008999144,0.008999144,-0.002000000,0.002000000,3,0.065000000,1,0,0,0,0,0,0,0.388129951,-0.479400804,2.921604662
174.700000000,174.600000000,0.100000000,0,0,85,0,-0.100000000,0.100000000,-0.100000000,0.100000000,-0.100000000,0.100000000,0.010400000,0.010400000,-0.136000000,0.136000000,-0.009002746,0.009002746,-0.010000000,0.010000000,3,0.065000000,1,0,0,0,0,0,0,0.362745518,-0.410759786,2.910857405
174.800000000,174.700000000,0.100000000,0,0,85,0,-0.100000000,0.100000000,-0.100000000,0.100000000,-0.100000000,0.100000000,-0.010000000,0.010000000,-0.036000000,0.036000000,-0.005006346,0.005006346,0.008000000,0.008000000,3,0.065000000,1,0,0,0,0,0,0,0.345670058,-0.398077643,2.914630796
174.900000000,174.800000000,0.100000000,0,0,85,0,-0.100000000,0.100000000,-0.100000000,0.100000000,-0.100000000,0.100000000,0.010000000,0.010000000,-0.036000000,0.036000000,-0.009001540,0.009001540,-0.014000000,0.014000000,3,0.065000000,1,0,0,0,0,0,0,0.427161488,-0.368707095,2.918749219
175.000000000,174.900000000,0.100000000,0,0,85,0,-0.100000000,0.100000000,-0.100000000,0.100000000,-0.100000000,0.100000000,-0.009600000,0.009600000,-0.136000000,0.136000000,-0.009001540,0.009001540,0.000000000,0.000000000,3,0.065000000,1,0,0,0,0,0,0,0.520255866,-0.352654923,2.917294824
175.100000000,175.000000000,0.100000000,0,0,85,0,-0.100000000,0.100000000,-0.100000000,0.100000000,-0.100000000,0.100000000,0.010400000,0.010400000,-0.036000000,0.036000000,-0.005005134,0.005005134,0.010000000,0.010000000,3,0.065000000,1,0,0,0,0,0,0,0.522263222,-0.252918494,2.922190209
175.200000000,175.100000000,0.100000000,0,0,85,0,-0.100000000,0.100000000,-0.100000000,0.100000000,-0.100000000,0.100000000,-0.010000000,0.010000000,-0.036000000,0.036000000,-0.005006317,0.005006317,-0.012000000,0.012000000,3,0.065000000,1,0,0,0,0,0,0,0.533083313,-0.258689353,2.936143193
175.300000000,175.200000000,0.100000000,0,0,85,0,-0.100000000,0.100000000,-0.100000000,0.100000000,-0.100000000,0.100000000,0.010000000,0.010000000,-0.136000000,0.136000000,-0.005003906,0.005003906,0.000000000,0.000000000,3,0.065000000,1,0,0,0,0,0,0,0.633889932,-0.178805023,2.938174138
175.400000000,175.300000000,0.100000000,0,0,85,0,-0.100000000,0.100000000,-0.100000000,0.100000000,-0.100000000,0.100000000,-0.010000000,0.010000000,-0.036000000,0.036000000,-0.005007493,0.005007493,0.012000000,0.012000000,3,0.065000000,1,0,0,0,0,0,0,0.677560155,-0.203468442,2.942470894
175.500000000,175.400000000,0.100000000,0,0,85,0,-0.100000000,0.100000000,-0.100000000,0.100000000,-0.100000000,0.100000000,0.004666667,0.004666667,-0.036000000,0.036000000,-0.001005078,0.001005078,-0.006000000,0.006000000,3,0.065000000,1,0,0,0,0,0,0,0.690251671,-0.024615012,2.956549719
175.600000000,175.500000000,0.100000000,0,0,85,0,-0.100000000,0.100000000,-0.100000000,0.100000000,-0.100000000,0.100000000,0.006000000,0.006000000,-0.136000000,0.136000000,0.002991339,0.002991339,0.008000000,0.008000000,3,0.065000000,1,0,0,0,0,0,0,0.756252136,-0.073264542,2.955197026
175.700000000,175.600000000,0.100000000,0,0,85,0,-0.100000000,0.100000000,-0.100000000,0.100000000,-0.100000000,0.100000000,-0.000666667,0.000666667,-0.036000000,0.036000000,-0.005018243,0.005018243,-0.020000000,0.020000000,3,0.065000000,1,0,0,0,0,0,0,0.772605211,0.112004524,2.957259534
175.800000000,175.700000000,0.100000000,0,0,85,0,-0.100000000,0.100000000,-0.100000000,0.100000000,-0.100000000,0.100000000,-0.010000000,0.010000000,-0.136000000,0.136000000,-0.005021822,0.005021822,0.004000000,0.004000000,3,0.065000000,1,0,0,0,0,0,0,0.944577931,0.025536055,2.952802831
175.900000000,175.800000000,0.100000000,0,0,85,0,-0.100000000,0.100000000,-0.100000000,0.100000000,-0.100000000,0.100000000,0.004666667,0.004666667,-0.136000000,0.136000000,-0.005025400,0.005025400,0.014000000,0.014000000,3,0.065000000,1,0,0,0,0,0,0,0.962156619,0.093220973,2.963319083
176.000000000,175.900000000,0.100000000,0,0,85,0,-0.100000000,0.100000000,-0.100000000,0.100000000,-0.100000000,0.100000000,-0.010000000,0.010000000,-0.236000000,0.236000000,-0.005022976,0.005022976,-0.006000000,0.006000000,3,0.065000000,1,0,0,0,0,0,0,0.997662125,0.078497111,2.964630643
176.100000000,176.000000000,0.100000000,0,0,85,0,-0.100000000,0.100000000,-0.100000000,0.100000000,-0.100000000,0.100000000,-0.006000000,0.006000000,-0.136000000,0.136000000,-0.009020549,0.009020549,0.006000000,0.006000000,3,0.065000000,1,0,0,0,0,0,0,0.999438220,0.130842383,2.957585070
176.200000000,176.100000000,0.100000000,0,0,85,0,-0.100000000,0.100000000,-0.100000000,0.100000000,-0.100000000,0.100000000,-0.018000000,0.018000000,-0.036000000,0.036000000,-0.009018121,0.009018121,-0.018000000,0.018000000,3,0.065000000,1,0,0,0,0,0,0,1.021572423,0.155886683,2.953659568
176.300000000,176.200000000,0.100000000,0,0,85,0,-0.100000000,0.100000000,-0.100000000,0.100000000,-0.100000000,0.100000000,0.010000000,0.010000000,-0.136000000,0.136000000,-0.009018121,0.009018121,-0.004000000,0.004000000,3,0.065000000,1,0,0,0,0,0,0,1.071249647,0.331906781,2.954078963
176.400000000,176.300000000,0.100000000,0,0,85,0,-0.100000000,0.100000000,-0.100000000,0.100000000,-0.100000000,0.100000000,-0.008666667,0.008666667,-0.036000000,0.036000000,-0.009019259,0.009019259,0.000000000,0.000000000,3,0.065000000,1,0,0,0,0,0,0,1.242227159,0.232155356,2.957343009
176.500000000,176.400000000,0.100000000,0,0,85,0,-0.100000000,0.100000000,-0.100000000,0.100000000,-0.100000000,0.100000000,0.010000000,0.010000000,-0.036000000,0.036000000,-0.009016825,0.009016825,0.016000000,0.016000000,3,0.065000000,1,0,0,0,0,0,0,1.306128222,0.338722183,2.949509002
176.600000000,176.500000000,0.100000000,0,0,85,0,-0.100000000,0.100000000,-0.100000000,0.100000000,-0.100000000,0.100000000,-0.010000000,0.010000000,-0.136000000,0.136000000,-0.005014390,0.005014390,-0.006000000,0.006000000,3,0.065000000,1,0,0,0,0,0,0,1.369762607,0.360436135,2.954797250
176.700000000,176.600000000,0.100000000,0,0,85,0,-0.100000000,0.100000000,-0.100000000,0.100000000,-0.100000000,0.100000000,0.010000000,0.010000000,-0.036000000,0.036000000,-0.005017952,0.005017952,0.004000000,0.004000000,3,0.065000000,1,0,0,0,0,0,0,1.482387685,0.505114714,2.949238992
176.800000000,176.700000000,0.100000000,0,0,85,0,-0.100000000,0.100000000,-0.100000000,0.100000000,-0.100000000,0.100000000,0.020000000,0.020000000,-0.136000000,0.136000000,-0.001021513,0.001021513,0.014000000,0.014000000,3,0.065000000,1,0,0,0,0,0,0,1.600734605,0.555041140,2.942057154
176.900000000,176.800000000,0.100000000,0,0,85,0,-0.100000000,0.100000000,-0.100000000,0.100000000,-0.100000000,0.100000000,0.002000000,0.002000000,-0.134000000,0.134000000,0.002971928,0.002971928,-0.014000000,0.014000000,3,0.065000000,1,0,0,0,0,0,0,1.490126463,0.603676354,2.933875782
177.000000000,176.900000000,0.100000000,0,0,85,0,-0.100000000,0.100000000,-0.100000000,0.100000000,-0.100000000,0.100000000,-0.018000000,0.018000000,-0.234000000,0.234000000,0.006968372,0.006968372,0.006000000,0.006000000,3,0.065000000,1,0,0,0,0,0,0,1.498597723,0.551370734,2.930870285
177.100000000,177.000000000,0.100000000,0,0,85,0,-0.100000000,0.100000000,-0.100000000,0.100000000,-0.100000000,0.100000000,0.010800000,0.010800000,-0.036000000,0.036000000,-0.005029183,0.005029183,-0.016000000,0.016000000,3,0.065000000,1,0,0,0,0,0,0,1.552101182,0.626965264,2.930836888
177.200000000,177.100000000,0.100000000,0,0,85,0,-0.100000000,0.100000000,-0.100000000,0.100000000,-0.100000000,0.100000000,-0.009200000,0.009200000,-0.136000000,0.136000000,-0.005038736,0.005038736,0.000000000,0.000000000,3,0.065000000,1,0,0,0,0,0,0,1.630141033,0.571912534,2.933304975
177.300000000,177.200000000,0.100000000,0,0,85,0,-0.100000000,0.100000000,-0.100000000,0.100000000,-0.100000000,0.100000000,0.004933333,0.004933333,-0.136000000,0.136000000,-0.005036287,0.005036287,0.004000000,0.004000000,3,0.065000000,1,0,0,0,0,0,0,1.660558617,0.546904800,2.935360299
177.400000000,177.300000000,0.100000000,0,0,85,0,-0.100000000,0.100000000,-0.100000000,0.100000000,-0.100000000,0.100000000,-0.010000000,0.010000000,-0.036000000,0.036000000,-0.009033836,0.009033836,-0.014000000,0.014000000,3,0.065000000,1,0,0,0,0,0,0,1.711708557,0.531920173,2.932145932
177.500000000,177.400000000,0.100000000,0,0,85,0,-0.100000000,0.100000000,-0.100000000,0.100000000,-0.100000000,0.100000000,0.010000000,0.010000000,-0.136000000,0.136000000,-0.005034383,0.005034383,0.000000000,0.000000000,3,0.065000000,1,0,0,0,0,0,0,1.719345705,0.542554488,2.928394255
177.600000000,177.500000000,0.100000000,0,0,85,0,-0.100000000,0.100000000,-0.100000000,0.100000000,-0.100000000,0.100000000,-0.010000000,0.010000000,-0.036000000,0.036000000,-0.009037928,0.009037928,0.010000000,0.010000000,3,0.065000000,1,0,0,0,0,0,0,1.715048999,0.537503170,2.928360167
177.700000000,177.600000000,0.100000000,0,0,85,0,-0.100000000,0.100000000,-0.100000000,0.100000000,-0.100000000,0.100000000,0.010000000,0.010000000,-0.136000000,0.136000000,-0.005035472,0.005035472,-0.010000000,0.010000000,3,0.065000000,1,0,0,0,0,0,0,1.696491388,0.551581937,2.923508689
177.800000000,177.700000000,0.100000000,0,0,85,0,-0.100000000,0.100000000,-0.100000000,0.100000000,-0.100000000,0.100000000,-0.010000000,0.010000000,-0.036000000,0.036000000,-0.009039013,0.009039013,0.004000000,0.004000000,3,0.065000000,1,0,0,0,0,0,0,1.678310780,0.594441726,2.915336050
177.900000000,177.800000000,0.100000000,0,0,85,0,-0.100000000,0.100000000,-0.100000000,0.100000000,-0.100000000,0.100000000,-0.000666667,0.000666667,-0.036000000,0.036000000,-0.009042552,0.009042552,-0.014000000,0.014000000,3,0.065000000,1,0,0,0,0,0,0,1.636494008,0.652825556,2.907010562
178.000000000,177.900000000,0.100000000,0,0,85,0,-0.100000000,0.100000000,-0.100000000,0.100000000,-0.100000000,0.100000000,0.016666667,0.016666667,-0.136000000,0.136000000,-0.005046089,0.005046089,0.002000000,0.002000000,3,0.065000000,1,0,0,0,0,0,0,1.637212683,0.671370078,2.910465726
178.100000000,178.000000000,0.100000000,0,0,85,0,-0.100000000,0.100000000,-0.100000000,0.100000000,-0.100000000,0.100000000,0.007333333,0.007333333,-0.036000000,0.036000000,-0.001049624,0.001049624,0.010000000,0.010000000,3,0.065000000,1,0,0,0,0,0,0,1.673818162,0.717752777,2.918916412
178.200000000,178.100000000,0.100000000,0,0,85,0,-0.100000000,0.100000000,-0.100000000,0.100000000,-0.100000000,0.100000000,-0.010000000,0.010000000,-0.136000000,0.136000000,0.002958843,0.002958843,-0.014000000,0.014000000,3,0.065000000,1,0,0,0,0,0,0,1.683962511,0.771986046,2.929634911
178.300000000,178.200000000,0.100000000,0,0,85,0,-0.100000000,0.100000000,-0.100000000,0.100000000,-0.100000000,0.100000000,0.010000000,0.010000000,-0.036000000,0.036000000,-0.005038688,0.005038688,-0.002000000,0.002000000,3,0.065000000,1,0,0,0,0,0,0,1.703545859,0.782271850,2.929351216
178.400000000,178.300000000,0.100000000,0,0,85,0,-0.100000000,0.100000000,-0.100000000,0.100000000,-0.100000000,0.100000000,-0.010000000,0.010000000,-0.036000000,0.036000000,-0.005036218,0.005036218,0.010000000,0.010000000,3,0.065000000,1,0,0,0,0,0,0,1.736180946,0.769530945,2.934011371
178.500000000,178.400000000,0.100000000,0,0,85,0,-0.100000000,0.100000000,-0.100000000,0.100000000,-0.100000000,0.100000000,0.010000000,0.010000000,0.064000000,0.064000000,-0.005039745,0.005039745,-0.012000000,0.012000000,3,0.065000000,1,0,0,0,0,0,0,1.705764801,0.819630402,2.922088255
178.600000000,178.500000000,0.100000000,0,0,85,0,-0.100000000,0.100000000,-0.100000000,0.100000000,-0.100000000,0.100000000,-0.010000000,0.010000000,-0.036000000,0.036000000,-0.005043270,0.005043270,0.000000000,0.000000000,3,0.065000000,1,0,0,0,0,0,0,1.717167350,0.829916213,2.932577618
178.700000000,178.600000000,0.100000000,0,0,85,0,-0.100000000,0.100000000,-0.100000000,0.100000000,-0.100000000,0.100000000,0.010000000,0.010000000,-0.036000000,0.036000000,-0.005040794,0.005040794,0.012000000,0.012000000,3,0.065000000,1,0,0,0,0,0,0,1.738499941,0.840004221,2.921675857
178.800000000,178.700000000,0.100000000,0,0,85,0,-0.100000000,0.100000000,-0.100000000,0.100000000,-0.100000000,0.100000000,-0.010000000,0.010000000,-0.036000000,0.036000000,-0.005038315,0.005038315,-0.010000000,0.010000000,3,0.065000000,1,0,0,0,0,0,0,1.757241718,0.820816108,2.931714243
178.900000000,178.800000000,0.100000000,0,0,85,0,-0.100000000,0.100000000,-0.100000000,0.100000000,-0.100000000,0.100000000,0.010000000,0.010000000,-0.036000000,0.036000000,-0.005029835,0.005029835,0.002000000,0.002000000,3,0.065000000,1,0,0,0,0,0,0,1.743727622,0.830549718,2.933317157
179.000000000,178.900000000,0.100000000,0,0,85,0,-0.100000000,0.100000000,-0.100000000,0.100000000,-0.100000000,0.100000000,-0.010000000,0.010000000,-0.136000000,0.136000000,-0.005033352,0.005033352,0.016000000,0.016000000,3,0.065000000,1,0,0,0,0,0,0,1.748856437,0.839318861,2.940298339
179.100000000,179.000000000,0.100000000,0,0,85,0,-0.100000000,0.100000000,-0.100000000,0.100000000,-0.100000000,0.100000000,0.010000000,0.010000000,-0.036000000,0.036000000,-0.005036868,0.005036868,-0.008000000,0.008000000,3,0.065000000,1,0,0,0,0,0,0,1.730135382,0.823622007,2.955583223
179.200000000,179.100000000,0.100000000,0,0,85,0,-0.100000000,0.100000000,-0.100000000,0.100000000,-0.100000000,0.100000000,-0.010000000,0.010000000,0.064000000,0.064000000,-0.005040382,0.005040382,0.002000000,0.002000000,3,0.065000000,1,0,0,0,0,0,0,1.704295383,0.874226402,2.964923264
179.300000000,179.200000000,0.100000000,0,0,85,0,-0.100000000,0.100000000,-0.100000000,0.100000000,-0.100000000,0.100000000,0.010000000,0.010000000,-0.036000000,0.036000000,-0.005043894,0.005043894,-0.020000000,0.020000000,3,0.065000000,1,0,0,0,0,0,0,1.600233610,0.930103252,2.974208556
179.400000000,179.300000000,0.100000000,0,0,85,0,-0.100000000,0.100000000,-0.100000000,0.100000000,-0.100000000,0.100000000,-0.010000000,0.010000000,-0.036000000,0.036000000,-0.005047404,0.005047404,0.000000000,0.000000000,3,0.065000000,1,0,0,0,0,0,0,1.596074049,0.935362414,2.974447120
179.500000000,179.400000000,0.100000000,0,0,85,0,-0.100000000,0.100000000,-0.100000000,0.100000000,-0.100000000,0.100000000,0.010000000,0.010000000,-0.036000000,0.036000000,-0.001044912,0.001044912,0.010000000,0.010000000,3,0.065000000,1,0,0,0,0,0,0,1.629711115,0.841346904,2.983848786
179.600000000,179.500000000,0.100000000,0,0,85,0,-0.100000000,0.100000000,-0.100000000,0.100000000,-0.100000000,0.100000000,-0.010000000,0.010000000,-0.136000000,0.136000000,0.002957581,0.002957581,-0.010000000,0.010000000,3,0.065000000,1,0,0,0,0,0,0,1.638668119,0.893357454,2.974168876
179.700000000,179.600000000,0.100000000,0,0,85,0,-0.100000000,0.100000000,-0.100000000,0.100000000,-0.100000000,0.100000000,0.010000000,0.010000000,-0.036000000,0.036000000,-0.005045923,0.005045923,0.000000000,0.000000000,3,0.065000000,1,0,0,0,0,0,0,1.613897389,0.843702364,2.974969315
179.800000000,179.700000000,0.100000000,0,0,85,0,-0.100000000,0.100000000,-0.100000000,0.100000000,-0.100000000,0.100000000,-0.010000000,0.010000000,0.064000000,0.064000000,-0.005049425,0.005049425,0.014000000,0.014000000,3,0.065000000,1,0,0,0,0,0,0,1.597341324,0.864830946,2.970047900
179.900000000,179.800000000,0.100000000,0,0,85,0,-0.100000000,0.100000000,-0.100000000,0.100000000,-0.100000000,0.100000000,0.010000000,0.010000000,-0.036000000,0.036000000,-0.005052926,0.005052926,-0.008000000,0.008000000,3,0.065000000,1,0,0,0,0,0,0,1.561280975,0.724710070,2.961830915
180.000000000,179.900000000,0.100000000,0,0,85,0,-0.100000000,0.100000000,-0.100000000,0.100000000,-0.100000000,0.100000000,-0.010000000,0.010000000,-0.036000000,0.036000000,-0.005056424,0.005056424,0.004000000,0.004000000,3,0.065000000,1,0,0,0,0,0,0,1.494295313,0.751456775,2.950622024
180.100000000,180.000000000,0.100000000,0,0,85,0,-0.100000000,0.100000000,-0.100000000,0.100000000,-0.100000000,0.100000000,0.010000000,0.010000000,-0.136000000,0.136000000,-0.005059921,0.005059921,0.016000000,0.016000000,3,0.065000000,1,0,0,0,0,0,0,1.469398988,0.645682102,2.946520354
180.200000000,180.100000000,0.100000000,0,0,85,0,-0.100000000,0.100000000,-0.100000000,0.100000000,-0.100000000,0.100000000,0.018000000,0.018000000,-0.036000000,0.036000000,-0.005063415,0.005063415,-0.008000000,0.008000000,3,0.065000000,1,0,0,0,0,0,0,1.322926630,0.629456043,2.940177486
180.300000000,180.200000000,0.100000000,0,0,85,0,-0.100000000,0.100000000,-0.100000000,0.100000000,-0.100000000,0.100000000,-0.014000000,0.014000000,-0.136000000,0.136000000,-0.009066908,0.009066908,0.004000000,0.004000000,3,0.065000000,1,0,0,0,0,0,0,1.328982659,0.529713628,2.944609254
180.400000000,180.300000000,0.100000000,0,0,85,0,-0.100000000,0.100000000,-0.100000000,0.100000000,-0.100000000,0.100000000,-0.023333333,0.023333333,-0.036000000,0.036000000,-0.009064398,0.009064398,-0.018000000,0.018000000,3,0.065000000,1,0,0,0,0,0,0,1.254382859,0.596439421,2.957102438
180.500000000,180.400000000,0.100000000,0,0,85,0,-0.100000000,0.100000000,-0.100000000,0.100000000,-0.100000000,0.100000000,-0.003333333,0.003333333,-0.136000000,0.136000000,-0.009061886,0.009061886,-0.006000000,0.006000000,3,0.065000000,1,0,0,0,0,0,0,1.120999207,0.544869494,2.956877895
180.600000000,180.500000000,0.100000000,0,0,85,0,-0.100000000,0.100000000,-0.100000000,0.100000000,-0.100000000,0.100000000,0.016666667,0.016666667,-0.036000000,0.036000000,-0.005065373,0.005065373,0.006000000,0.006000000,3,0.065000000,1,0,0,0,0,0,0,1.006019069,0.513513607,2.955769987
180.700000000,180.600000000,0.100000000,0,0,85,0,-0.100000000,0.100000000,-0.100000000,0.100000000,-0.100000000,0.100000000,-0.008666667,0.008666667,-0.136000000,0.136000000,-0.005062857,0.005062857,-0.018000000,0.018000000,3,0.065000000,1,0,0,0,0,0,0,0.946703372,0.507683951,2.957371340
180.800000000,180.700000000,0.100000000,0,0,85,0,-0.100000000,0.100000000,-0.100000000,0.100000000,-0.100000000,0.100000000,-0.015333333,0.015333333,-0.136000000,0.136000000,-0.001060339,0.001060339,-0.004000000,0.004000000,3,0.065000000,1,0,0,0,0,0,0,0.884197432,0.504395074,2.956845896
180.900000000,180.800000000,0.100000000,0,0,85,0,-0.100000000,0.100000000,-0.100000000,0.100000000,-0.100000000,0.100000000,0.010000000,0.010000000,-0.236000000,0.236000000,0.006938703,0.006938703,0.002000000,0.002000000,3,0.065000000,1,0,0,0,0,0,0,0.816555454,0.512802915,2.941240460
181.000000000,180.900000000,0.100000000,0,0,85,0,-0.100000000,0.100000000,-0.100000000,0.100000000,-0.100000000,0.100000000,-0.010000000,0.010000000,-0.336000000,0.336000000,-0.009061297,0.009061297,-0.018000000,0.018000000,3,0.065000000,1,0,0,0,0,0,0,0.730129433,0.540982459,2.940703562
181.100000000,181.000000000,0.100000000,0,0,85,0,-0.100000000,0.100000000,-0.100000000,0.100000000,-0.100000000,0.100000000,0.010000000,0.010000000,-0.136000000,0.136000000,-0.009064774,0.009064774,0.000000000,0.000000000,3,0.065000000,1,0,0,0,0,0,0,0.656815688,0.554851453,2.933712090
181.200000000,181.100000000,0.100000000,0,0,85,0,-0.100000000,0.100000000,-0.100000000,0.100000000,-0.100000000,0.100000000,-0.010000000,0.010000000,-0.236000000,0.236000000,-0.009068248,0.009068248,-0.016000000,0.016000000,3,0.065000000,1,0,0,0,0,0,0,0.626386151,0.634826076,2.940416488
181.300000000,181.200000000,0.100000000,0,0,85,0,-0.100000000,0.100000000,-0.100000000,0.100000000,-0.100000000,0.100000000,0.010000000,0.010000000,-0.336000000,0.336000000,-0.005071720,0.005071720,-0.002000000,0.002000000,3,0.065000000,1,0,0,0,0,0,0,0.631936297,0.588853870,2.939571021
181.400000000,181.300000000,0.100000000,0,0,85,0,-0.100000000,0.100000000,-0.100000000,0.100000000,-0.100000000,0.100000000,-0.010000000,0.010000000,-0.436000000,0.436000000,-0.005063190,0.005063190,0.002000000,0.002000000,3,0.065000000,1,0,0,0,0,0,0,0.609356294,0.625828846,2.943096726
181.500000000,181.400000000,0.100000000,0,0,85,0,-0.100000000,0.100000000,-0.100000000,0.100000000,-0.100000000,0.100000000,0.010000000,0.010000000,-0.236000000,0.236000000,-0.005060658,0.005060658,0.016000000,0.016000000,3,0.065000000,1,0,0,0,0,0,0,0.540358994,0.621655377,2.937971937
181.600000000,181.500000000,0.100000000,0,0,85,0,-0.100000000,0.100000000,-0.100000000,0.100000000,-0.100000000,0.100000000,-0.010000000,0.010000000,-0.336000000,0.336000000,-0.005058124,0.005058124,-0.006000000,0.006000000,3,0.065000000,1,0,0,0,0,0,0,0.491580395,0.626807700,2.947776542
181.700000000,181.600000000,0.100000000,0,0,85,0,-0.100000000,0.100000000,-0.100000000,0.100000000,-0.100000000,0.100000000,0.010000000,0.010000000,-0.436000000,0.436000000,-0.005055588,0.005055588,0.012000000,0.012000000,3,0.065000000,1,0,0,0,0,0,0,0.471676450,0.579269013,2.948386360
181.800000000,181.700000000,0.100000000,0,0,85,0,-0.100000000,0.100000000,-0.100000000,0.100000000,-0.100000000,0.100000000,-0.010000000,0.010000000,-0.236000000,0.236000000,-0.005053051,0.005053051,-0.002000000,0.002000000,3,0.065000000,1,0,0,0,0,0,0,0.414594150,0.604149176,2.950491509
181.900000000,181.800000000,0.100000000,0,0,85,0,-0.100000000,0.100000000,-0.100000000,0.100000000,-0.100000000,0.100000000,0.010000000,0.010000000,-0.336000000,0.336000000,-0.005050511,0.005050511,0.014000000,0.014000000,3,0.065000000,1,0,0,0,0,0,0,0.354518787,0.545052200,2.955211772
182.000000000,181.900000000,0.100000000,0,0,85,0,-0.100000000,0.100000000,-0.100000000,0.100000000,-0.100000000,0.100000000,-0.010000000,0.010000000,-0.436000000,0.436000000,-0.001054427,0.001054427,0.000000000,0.000000000,3,0.065000000,1,0,0,0,0,0,0,0.265822869,0.618704320,2.961997274
182.100000000,182.000000000,0.100000000,0,0,85,0,-0.100000000,0.100000000,-0.100000000,0.100000000,-0.100000000,0.100000000,0.010000000,0.010000000,-0.536000000,0.536000000,-0.001057882,0.001057882,0.010000000,0.010000000,3,0.065000000,0,0,0,0,0,0,0,0.202141343,0.611043418,2.966484409
182.200000000,182.100000000,0.100000000,0,0,85,0,-0.100000000,0.100000000,-0.100000000,0.100000000,-0.100000000,0.100000000,-0.010000000,0.010000000,-0.236000000,0.236000000,0.002932665,0.002932665,-0.012000000,0.012000000,3,0.065000000,1,0,0,0,0,0,0,0.171778704,0.614675828,2.955834944
182.300000000,182.200000000,0.100000000,0,0,85,0,-0.100000000,0.100000000,-0.100000000,0.100000000,-0.100000000,0.100000000,0.010000000,0.010000000,-0.336000000,0.336000000,-0.005067335,0.005067335,0.000000000,0.000000000,3,0.065000000,1,0,0,0,0,0,0,0.150057238,0.602152106,2.955726556
182.400000000,182.300000000,0.100000000,0,0,85,0,-0.100000000,0.100000000,-0.100000000,0.100000000,-0.100000000,0.100000000,-0.010000000,0.010000000,-0.136000000,0.136000000,-0.005064786,0.005064786,0.010000000,0.010000000,3,0.065000000,1,0,0,0,0,0,0,0.114884683,0.624102158,2.969426573
182.500000000,182.400000000,0.100000000,0,0,85,0,-0.100000000,0.100000000,-0.100000000,0.100000000,-0.100000000,0.100000000,0.010000000,0.010000000,-0.236000000,0.236000000,-0.005068235,0.005068235,-0.014000000,0.014000000,3,0.065000000,1,0,0,0,0,0,0,0.123206373,0.600999008,2.970798638
182.600000000,182.500000000,0.100000000,0,0,85,0,-0.100000000,0.100000000,-0.100000000,0.100000000,-0.100000000,0.100000000,-0.010000000,0.010000000,-0.036000000,0.036000000,-0.005063127,0.005063127,-0.002000000,0.002000000,3,0.065000000,1,0,0,0,0,0,0,0.144296926,0.608810358,2.970090074
182.700000000,182.600000000,0.100000000,0,0,85,0,-0.100000000,0.100000000,-0.100000000,0.100000000,-0.100000000,0.100000000,0.010000000,0.010000000,0.064000000,0.064000000,-0.005078571,0.005078571,-0.020000000,0.020000000,3,0.065000000,1,0,0,0,0,0,0,0.123953514,0.600049124,2.964923557
182.800000000,182.700000000,0.100000000,0,0,85,0,-0.100000000,0.100000000,-0.100000000,0.100000000,-0.100000000,0.100000000,-0.010000000,0.010000000,-0.036000000,0.036000000,-0.009082012,0.009082012,-0.006000000,0.006000000,3,0.065000000,1,0,0,0,0,0,0,0.128995557,0.663319563,2.977139755
182.900000000,182.800000000,0.100000000,0,0,85,0,-0.100000000,0.100000000,-0.100000000,0.100000000,-0.100000000,0.100000000,0.010400000,0.010400000,-0.136000000,0.136000000,-0.005079451,0.005079451,0.004000000,0.004000000,3,0.065000000,1,0,0,0,0,0,0,0.156332251,0.622172308,2.972189011
183.000000000,182.900000000,0.100000000,0,0,85,0,-0.100000000,0.100000000,-0.100000000,0.100000000,-0.100000000,0.100000000,-0.009600000,0.009600000,-0.136000000,0.136000000,-0.009082888,0.009082888,-0.018000000,0.018000000,3,0.065000000,1,0,0,0,0,0,0,0.164396473,0.647503011,2.973295701
183.100000000,183.000000000,0.100000000,0,0,85,0,-0.100000000,0.100000000,-0.100000000,0.100000000,-0.100000000,0.100000000,0.010000000,0.010000000,-0.236000000,0.236000000,-0.009080323,0.009080323,-0.006000000,0.006000000,3,0.065000000,1,0,0,0,0,0,0,0.146615009,0.630995879,2.958692124
183.200000000,183.100000000,0.100000000,0,0,85,0,-0.100000000,0.100000000,-0.100000000,0.100000000,-0.100000000,0.100000000,-0.010000000,0.010000000,-0.336000000,0.336000000,-0.005077757,0.005077757,0.008000000,0.008000000,3,0.065000000,1,0,0,0,0,0,0,0.127917075,0.646212539,2.955048109
183.300000000,183.200000000,0.100000000,0,0,85,0,-0.100000000,0.100000000,-0.100000000,0.100000000,-0.100000000,0.100000000,0.010000000,0.010000000,-0.136000000,0.136000000,-0.005075188,0.005075188,-0.006000000,0.006000000,3,0.065000000,1,0,0,0,0,0,0,0.204872291,0.590669642,2.948611657
183.400000000,183.300000000,0.100000000,0,0,85,0,-0.100000000,0.100000000,-0.100000000,0.100000000,-0.100000000,0.100000000,-0.009600000,0.009600000,-0.236000000,0.236000000,-0.001078617,0.001078617,0.006000000,0.006000000,3,0.065000000,1,0,0,0,0,0,0,0.251367338,0.602633066,2.929094013
183.500000000,183.400000000,0.100000000,0,0,85,0,-0.100000000,0.100000000,-0.100000000,0.100000000,-0.100000000,0.100000000,0.010400000,0.010400000,-0.336000000,0.336000000,-0.005076044,0.005076044,-0.014000000,0.014000000,3,0.065000000,1,0,0,0,0,0,0,0.203562484,0.597996996,2.928019362
183.600000000,183.500000000,0.100000000,0,0,85,0,-0.100000000,0.100000000,-0.100000000,0.100000000,-0.100000000,0.100000000,-0.010000000,0.010000000,-0.436000000,0.436000000,-0.005073469,0.005073469,-0.002000000,0.002000000,3,0.065000000,1,0,0,0,0,0,0,0.147257466,0.565224906,2.935692609
183.700000000,183.600000000,0.100000000,0,0,85,0,-0.100000000,0.100000000,-0.100000000,0.100000000,-0.100000000,0.100000000,0.010000000,0.010000000,-0.236000000,0.236000000,-0.005064892,0.005064892,0.014000000,0.014000000,3,0.065000000,1,0,0,0,0,0,0,0.122094483,0.590832524,2.943962762
183.800000000,183.700000000,0.100000000,0,0,85,0,-0.100000000,0.100000000,-0.100000000,0.100000000,-0.100000000,0.100000000,-0.010000000,0.010000000,-0.336000000,0.336000000,-0.005062314,0.005062314,-0.010000000,0.010000000,3,0.065000000,1,0,0,0,0,0,0,0.109300453,0.613292877,2.947708488
183.900000000,183.800000000,0.100000000,0,0,85,0,-0.100000000,0.100000000,-0.100000000,0.100000000,-0.100000000,0.100000000,0.010000000,0.010000000,-0.436000000,0.436000000,-0.005053733,0.005053733,0.000000000,0.000000000,3,0.065000000,1,0,0,0,0,0,0,0.065392061,0.567538714,2.933965465
184.000000000,183.900000000,0.100000000,0,0,85,0,-0.100000000,0.100000000,-0.100000000,0.100000000,-0.100000000,0.100000000,-0.010000000,0.010000000,-0.536000000,0.536000000,-0.005057151,0.005057151,0.012000000,0.012000000,3,0.065000000,0,0,0,0,0,0,0,0.007958036,0.612965469,2.934523550
184.100000000,184.000000000,0.100000000,0,0,85,0,-0.100000000,0.100000000,-0.100000000,0.100000000,-0.100000000,0.100000000,0.010000000,0.010000000,-0.236000000,0.236000000,-0.005054567,0.005054567,-0.010000000,0.010000000,3,0.065000000,1,0,0,0,0,0,0,0.042939291,0.563191964,2.941592260
184.200000000,184.100000000,0.100000000,0,0,85,0,-0.100000000,0.100000000,-0.100000000,0.100000000,-0.100000000,0.100000000,-0.010000000,0.010000000,-0.036000000,0.036000000,-0.005063982,0.005063982,0.002000000,0.002000000,3,0.065000000,1,0,0,0,0,0,0,0.081516190,0.545743600,2.948940171
184.300000000,184.200000000,0.100000000,0,0,85,0,-0.100000000,0.100000000,-0.100000000,0.100000000,-0.100000000,0.100000000,0.010000000,0.010000000,-0.136000000,0.136000000,-0.009061394,0.009061394,0.014000000,0.014000000,3,0.065000000,1,0,0,0,0,0,0,0.099152919,0.517508616,2.942598905
184.400000000,184.300000000,0.100000000,0,0,85,0,-0.100000000,0.100000000,-0.100000000,0.100000000,-0.100000000,0.100000000,-0.010000000,0.010000000,-0.036000000,0.036000000,-0.005058805,0.005058805,-0.010000000,0.010000000,3,0.065000000,1,0,0,0,0,0,0,0.117596897,0.503966780,2.946602396
184.500000000,184.400000000,0.100000000,0,0,85,0,-0.100000000,0.100000000,-0.100000000,0.100000000,-0.100000000,0.100000000,0.010000000,0.010000000,-0.136000000,0.136000000,-0.005059214,0.005059214,0.002000000,0.002000000,3,0.065000000,1,0,0,0,0,0,0,0.137886343,0.540783063,2.948377331
184.600000000,184.500000000,0.100000000,0,0,85,0,-0.100000000,0.100000000,-0.100000000,0.100000000,-0.100000000,0.100000000,-0.010000000,0.010000000,-0.236000000,0.236000000,-0.001062621,0.001062621,0.014000000,0.014000000,3,0.065000000,1,0,0,0,0,0,0,0.136321585,0.520548923,2.964729344
184.700000000,184.600000000,0.100000000,0,0,85,0,-0.100000000,0.100000000,-0.100000000,0.100000000,-0.100000000,0.100000000,0.010000000,0.010000000,-0.136000000,0.136000000,0.002933974,0.002933974,-0.010000000,0.010000000,3,0.065000000,1,0,0,0,0,0,0,0.147420605,0.467372071,2.974646547
184.800000000,184.700000000,0.100000000,0,0,85,0,-0.100000000,0.100000000,-0.100000000,0.100000000,-0.100000000,0.100000000,-0.010000000,0.010000000,-0.236000000,0.236000000,-0.005063430,0.005063430,0.000000000,0.000000000,3,0.065000000,1,0,0,0,0,0,0,0.188728272,0.434170541,2.975976168
184.900000000,184.800000000,0.100000000,0,0,85,0,-0.100000000,0.100000000,-0.100000000,0.100000000,-0.100000000,0.100000000,0.010000000,0.010000000,-0.136000000,0.136000000,-0.005066832,0.005066832,0.012000000,0.012000000,3,0.065000000,1,0,0,0,0,0,0,0.218591257,0.366282176,2.970605884
185.000000000,184.900000000,0.100000000,0,0,85,0,-0.100000000,0.100000000,-0.100000000,0.100000000,-0.100000000,0.100000000,-0.010000000,0.010000000,-0.236000000,0.236000000,-0.005076232,0.005076232,-0.012000000,0.012000000,3,0.065000000,1,0,0,0,0,0,0,0.233264009,0.337022613,2.967138087
185.100000000,185.000000000,0.100000000,0,0,85,0,-0.100000000,0.100000000,-0.100000000,0.100000000,-0.100000000,0.100000000,0.010000000,0.010000000,-0.336000000,0.336000000,-0.005085630,0.005085630,0.000000000,0.000000000,3,0.065000000,1,0,0,0,0,0,0,0.220175752,0.258497833,2.966641883
185.200000000,185.100000000,0.100000000,0,0,85,0,-0.100000000,0.100000000,-0.100000000,0.100000000,-0.100000000,0.100000000,-0.010000000,0.010000000,-0.236000000,0.236000000,-0.005086026,0.005086026,0.016000000,0.016000000,3,0.065000000,1,0,0,0,0,0,0,0.179218976,0.212283029,2.963713147
185.300000000,185.200000000,0.100000000,0,0,85,0,-0.100000000,0.100000000,-0.100000000,0.100000000,-0.100000000,0.100000000,0.010000000,0.010000000,-0.336000000,0.336000000,-0.005089420,0.005089420,-0.006000000,0.006000000,3,0.065000000,1,0,0,0,0,0,0,0.167322333,0.148648670,2.974133434
185.400000000,185.300000000,0.100000000,0,0,85,0,-0.100000000,0.100000000,-0.100000000,0.100000000,-0.100000000,0.100000000,-0.010000000,0.010000000,-0.136000000,0.136000000,-0.005092812,0.005092812,0.002000000,0.002000000,3,0.065000000,1,0,0,0,0,0,0,0.167642479,0.183690817,2.977305850
185.500000000,185.400000000,0.100000000,0,0,85,0,-0.100000000,0.100000000,-0.100000000,0.100000000,-0.100000000,0.100000000,0.010000000,0.010000000,-0.236000000,0.236000000,-0.005096203,0.005096203,0.016000000,0.016000000,3,0.065000000,1,0,0,0,0,0,0,0.178741722,0.145452732,2.971491624
185.600000000,185.500000000,0.100000000,0,0,85,0,-0.100000000,0.100000000,-0.100000000,0.100000000,-0.100000000,0.100000000,-0.010000000,0.010000000,-0.136000000,0.136000000,-0.005099591,0.005099591,-0.006000000,0.006000000,3,0.065000000,1,0,0,0,0,0,0,0.237757247,0.070395451,2.973862747
185.700000000,185.600000000,0.100000000,0,0,85,0,-0.100000000,0.100000000,-0.100000000,0.100000000,-0.200000000,0.200000000,0.010000000,0.010000000,-0.236000000,0.236000000,-0.005102977,0.005102977,0.006000000,0.006000000,3,0.065000000,1,0,0,0,0,0,0,0.256013676,0.030180191,2.976033042
185.800000000,185.700000000,0.100000000,0,0,85,0,-0.100000000,0.100000000,-0.100000000,0.100000000,-0.100000000,0.100000000,-0.007200000,0.007200000,-0.136000000,0.136000000,-0.005100361,0.005100361,-0.008000000,0.008000000,3,0.065000000,1,0,0,0,0,0,0,0.213301395,0.034623298,2.962943415
185.900000000,185.800000000,0.100000000,0,0,85,0,-0.100000000,0.100000000,-0.100000000,0.100000000,-0.100000000,0.100000000,0.013200000,0.013200000,-0.236000000,0.236000000,-0.005103743,0.005103743,0.022000000,0.022000000,3,0.065000000,1,0,0,0,0,0,0,0.211872276,-0.041713558,2.958343609
186.000000000,185.900000000,0.100000000,0,0,85,0,-0.100000000,0.100000000,-0.100000000,0.100000000,-0.100000000,0.100000000,-0.008800000,0.008800000,-0.336000000,0.336000000,-0.001104500,0.001104500,0.032000000,0.032000000,3,0.065000000,1,0,0,0,0,0,0,0.207508399,-0.013807554,2.942392324
186.100000000,186.000000000,0.100000000,0,0,85,0,-0.100000000,0.100000000,-0.100000000,0.100000000,-0.100000000,0.100000000,0.000266667,0.000266667,-0.232000000,0.232000000,0.002886124,0.002886124,0.024000000,0.024000000,3,0.065000000,1,0,0,0,0,0,0,0.189239226,-0.005485870,2.934290548
186.200000000,186.100000000,0.100000000,0,0,85,0,-0.100000000,0.100000000,-0.100000000,0.100000000,-0.100000000,0.100000000,-0.015066667,0.015066667,-0.332000000,0.332000000,-0.009105250,0.009105250,0.002000000,0.002000000,3,0.065000000,1,0,0,0,0,0,0,0.220109274,-0.032504316,2.932827186
186.300000000,186.200000000,0.100000000,0,0,85,0,-0.100000000,0.100000000,-0.100000000,0.100000000,-0.100000000,0.100000000,0.010000000,0.010000000,-0.136000000,0.136000000,-0.009121358,0.009121358,-0.002000000,0.002000000,3,0.065000000,1,0,0,0,0,0,0,0.203575771,-0.026535694,2.938645589
186.400000000,186.300000000,0.100000000,0,0,85,0,-0.100000000,0.100000000,-0.100000000,0.100000000,-0.100000000,0.100000000,-0.009600000,0.009600000,-0.036000000,0.036000000,-0.005118723,0.005118723,-0.006000000,0.006000000,3,0.065000000,1,0,0,0,0,0,0,0.211185016,-0.053178859,2.933027047
186.500000000,186.400000000,0.100000000,0,0,85,0,-0.100000000,0.100000000,-0.100000000,0.100000000,-0.100000000,0.100000000,0.010400000,0.010400000,-0.036000000,0.036000000,-0.005116086,0.005116086,0.006000000,0.006000000,3,0.065000000,1,0,0,0,0,0,0,0.241208292,-0.038202102,2.941110912
186.600000000,186.500000000,0.100000000,0,0,85,0,-0.100000000,0.100000000,-0.100000000,0.100000000,-0.100000000,0.100000000,-0.010000000,0.010000000,0.064000000,0.064000000,-0.009125806,0.009125806,-0.016000000,0.016000000,3,0.065000000,1,0,0,0,0,0,0,0.235576618,-0.026635428,2.939384623
186.700000000,186.600000000,0.100000000,0,0,85,0,-0.100000000,0.100000000,-0.100000000,0.100000000,-0.100000000,0.100000000,-0.008666667,0.008666667,-0.036000000,0.036000000,-0.009129163,0.009129163,0.000000000,0.000000000,3,0.065000000,1,0,0,0,0,0,0,0.200655582,-0.079397612,2.941583286
186.800000000,186.700000000,0.100000000,0,0,85,0,-0.100000000,0.100000000,-0.100000000,0.100000000,-0.100000000,0.100000000,-0.018000000,0.018000000,-0.036000000,0.036000000,-0.005120517,0.005120517,0.010000000,0.010000000,3,0.065000000,1,0,0,0,0,0,0,0.131571739,-0.001686462,2.938388586
186.900000000,186.800000000,0.100000000,0,0,85,0,-0.100000000,0.100000000,-0.100000000,0.100000000,-0.200000000,0.200000000,0.010000000,0.010000000,0.064000000,0.064000000,-0.005123869,0.005123869,-0.012000000,0.012000000,3,0.065000000,1,0,0,0,0,0,0,0.187732975,-0.019095691,2.933380244
187.000000000,186.900000000,0.100000000,0,0,85,0,-0.100000000,0.100000000,-0.100000000,0.100000000,-0.100000000,0.100000000,-0.010000000,0.010000000,-0.036000000,0.036000000,-0.005121219,0.005121219,0.012000000,0.012000000,4,0.050000000,1,0,0,0,0,0,0,0.224732218,-0.048771304,2.927866482
187.100000000,187.000000000,0.100000000,0,0,85,0,-0.100000000,0.100000000,-0.100000000,0.100000000,-0.100000000,0.100000000,0.010400000,0.010400000,-0.036000000,0.036000000,-0.009136567,0.009136567,0.004000000,0.004000000,4,0.050000000,1,0,0,0,0,0,0,0.219806493,-0.044673348,2.933162556
187.200000000,187.100000000,0.100000000,0,0,85,0,-0.100000000,0.100000000,-0.100000000,0.100000000,-0.100000000,0.100000000,-0.009600000,0.009600000,-0.036000000,0.036000000,-0.005151912,0.005151912,-0.004000000,0.004000000,4,0.050000000,1,0,0,0,0,0,0,0.215714268,-0.065625505,2.925569874
187.300000000,187.200000000,0.100000000,0,0,85,0,-0.100000000,0.100000000,-0.100000000,0.100000000,-0.100000000,0.100000000,0.010000000,0.010000000,-0.036000000,0.036000000,-0.001149255,0.001149255,0.022000000,0.022000000,4,0.050000000,1,0,0,0,0,0,0,0.213462157,-0.046263486,2.935894902
187.400000000,187.300000000,0.100000000,0,0,85,0,-0.100000000,0.100000000,-0.100000000,0.100000000,-0.100000000,0.100000000,-0.009600000,0.009600000,-0.036000000,0.036000000,0.002853404,0.002853404,0.000000000,0.000000000,4,0.050000000,1,0,0,0,0,0,0,0.212267117,-0.055076305,2.947823531
187.500000000,187.400000000,0.100000000,0,0,85,0,-0.100000000,0.100000000,-0.100000000,0.100000000,-0.100000000,0.100000000,0.010400000,0.010400000,-0.136000000,0.136000000,0.006856065,0.006856065,0.014000000,0.014000000,4,0.050000000,1,0,0,0,0,0,0,0.210808791,-0.127016737,2.948793743
187.600000000,187.500000000,0.100000000,0,0,85,0,-0.100000000,0.100000000,-0.100000000,0.100000000,-0.100000000,0.100000000,-0.009600000,0.009600000,-0.136000000,0.136000000,-0.005147271,0.005147271,-0.008000000,0.008000000,4,0.050000000,1,0,0,0,0,0,0,0.200153276,-0.095356847,2.949200556
187.700000000,187.600000000,0.100000000,0,0,85,0,-0.100000000,0.100000000,-0.100000000,0.100000000,-0.100000000,0.100000000,0.010400000,0.010400000,-0.236000000,0.236000000,-0.009156605,0.009156605,0.008000000,0.008000000,4,0.050000000,1,0,0,0,0,0,0,0.228282811,-0.098123345,2.962367159
187.800000000,187.700000000,0.100000000,0,0,85,0,-0.100000000,0.100000000,-0.100000000,0.100000000,-0.100000000,0.100000000,-0.010000000,0.010000000,-0.136000000,0.136000000,-0.005141936,0.005141936,-0.006000000,0.006000000,4,0.050000000,1,0,0,0,0,0,0,0.234399717,-0.076222110,2.950699154
187.900000000,187.800000000,0.100000000,0,0,85,0,-0.100000000,0.100000000,-0.100000000,0.100000000,-0.100000000,0.100000000,0.010000000,0.010000000,-0.236000000,0.236000000,-0.009139265,0.009139265,-0.002000000,0.002000000,4,0.050000000,1,0,0,0,0,0,0,0.306153175,-0.083547954,2.942996794
188.000000000,187.900000000,0.100000000,0,0,85,0,-0.100000000,0.100000000,-0.100000000,0.100000000,-0.100000000,0.100000000,-0.010000000,0.010000000,-0.336000000,0.336000000,-0.009136592,0.009136592,0.006000000,0.006000000,4,0.050000000,1,0,0,0,0,0,0,0.328009534,-0.089766032,2.953360271
188.100000000,188.000000000,0.100000000,0,0,85,0,-0.100000000,0.100000000,-0.100000000,0.100000000,-0.100000000,0.100000000,0.010800000,0.010800000,-0.136000000,0.136000000,-0.005139917,0.005139917,-0.016000000,0.016000000,4,0.050000000,1,0,0,0,0,0,0,0.283410644,-0.087450068,2.945606949
188.200000000,188.100000000,0.100000000,0,0,85,0,-0.100000000,0.100000000,-0.100000000,0.100000000,-0.100000000,0.100000000,-0.008800000,0.008800000,-0.236000000,0.236000000,-0.009140559,0.009140559,0.004000000,0.004000000,4,0.050000000,1,0,0,0,0,0,0,0.318352008,-0.097300887,2.943173413
188.300000000,188.200000000,0.100000000,0,0,85,0,-0.100000000,0.100000000,-0.100000000,0.100000000,-0.100000000,0.100000000,0.011200000,0.011200000,-0.136000000,0.136000000,-0.005143877,0.005143877,-0.014000000,0.014000000,4,0.050000000,1,0,0,0,0,0,0,0.354617728,-0.129018320,2.941087562
188.400000000,188.300000000,0.100000000,0,0,85,0,-0.100000000,0.100000000,-0.100000000,0.100000000,-0.100000000,0.100000000,-0.008800000,0.008800000,-0.236000000,0.236000000,-0.005147193,0.005147193,0.002000000,0.002000000,4,0.050000000,1,0,0,0,0,0,0,0.357711745,-0.113031719,2.945824671
188.500000000,188.400000000,0.100000000,0,0,85,0,-0.100000000,0.100000000,-0.100000000,0.100000000,-0.100000000,0.100000000,0.010400000,0.010400000,-0.336000000,0.336000000,-0.005150506,0.005150506,0.012000000,0.012000000,4,0.050000000,1,0,0,0,0,0,0,0.331269427,-0.034027851,2.964249876
188.600000000,188.500000000,0.100000000,0,0,85,0,-0.100000000,0.100000000,-0.100000000,0.100000000,-0.100000000,0.100000000,-0.010000000,0.010000000,-0.136000000,0.136000000,0.002852182,0.002852182,-0.016000000,0.016000000,4,0.050000000,1,0,0,0,0,0,0,0.296670680,-0.011666815,2.962758687
188.700000000,188.600000000,0.100000000,0,0,85,0,-0.100000000,0.100000000,-0.100000000,0.100000000,-0.100000000,0.100000000,0.010000000,0.010000000,-0.236000000,0.236000000,0.002845873,0.002845873,-0.006000000,0.006000000,4,0.050000000,1,0,0,0,0,0,0,0.289705153,0.107343836,2.970421163
188.800000000,188.700000000,0.100000000,0,0,85,0,-0.100000000,0.100000000,-0.100000000,0.100000000,-0.100000000,0.100000000,-0.010000000,0.010000000,-0.136000000,0.136000000,-0.005151433,0.005151433,0.004000000,0.004000000,4,0.050000000,1,0,0,0,0,0,0,0.275504376,0.127862544,2.971078029
188.900000000,188.800000000,0.100000000,0,0,85,0,-0.100000000,0.100000000,-0.100000000,0.100000000,-0.100000000,0.100000000,0.010000000,0.010000000,-0.236000000,0.236000000,-0.005151737,0.005151737,-0.018000000,0.018000000,4,0.050000000,1,0,0,0,0,0,0,0.235031239,0.212769746,2.978453369
189.000000000,188.900000000,0.100000000,0,0,85,0,-0.100000000,0.100000000,-0.100000000,0.100000000,-0.100000000,0.100000000,-0.009600000,0.009600000,-0.036000000,0.036000000,-0.005143040,0.005143040,-0.006000000,0.006000000,4,0.050000000,1,0,0,0,0,0,0,0.227947772,0.327166701,2.980362093
189.100000000,189.000000000,0.100000000,0,0,85,0,-0.100000000,0.100000000,-0.100000000,0.100000000,-0.100000000,0.100000000,0.011200000,0.011200000,-0.136000000,0.136000000,-0.009140339,0.009140339,-0.004000000,0.004000000,4,0.050000000,1,0,0,0,0,0,0,0.211545377,0.398198536,2.987300409
189.200000000,189.100000000,0.100000000,0,0,85,0,-0.100000000,0.100000000,-0.100000000,0.100000000,-0.100000000,0.100000000,-0.009200000,0.009200000,-0.136000000,0.136000000,-0.009161637,0.009161637,0.014000000,0.014000000,4,0.050000000,1,0,0,0,0,0,0,0.213702777,0.490959794,2.977315425
189.300000000,189.200000000,0.100000000,0,0,85,0,-0.100000000,0.100000000,-0.100000000,0.100000000,-0.100000000,0.100000000,0.011200000,0.011200000,-0.236000000,0.236000000,-0.005164932,0.005164932,0.004000000,0.004000000,4,0.050000000,1,0,0,0,0,0,0,0.219650800,0.626227732,2.970332240
189.400000000,189.300000000,0.100000000,0,0,85,0,-0.100000000,0.100000000,-0.100000000,0.100000000,-0.100000000,0.100000000,-0.008800000,0.008800000,-0.136000000,0.136000000,-0.005174225,0.005174225,-0.002000000,0.002000000,4,0.050000000,1,0,0,0,0,0,0,0.268142582,0.735512393,2.959442713
189.500000000,189.400000000,0.100000000,0,0,85,0,-0.100000000,0.100000000,-0.100000000,0.100000000,-0.100000000,0.100000000,0.010000000,0.010000000,-0.236000000,0.236000000,-0.005177516,0.005177516,0.008000000,0.008000000,4,0.050000000,1,0,0,0,0,0,0,0.332726334,0.760334471,2.958652110
189.600000000,189.500000000,0.100000000,0,0,85,0,-0.100000000,0.100000000,-0.100000000,0.100000000,-0.100000000,0.100000000,-0.010000000,0.010000000,-0.336000000,0.336000000,-0.005174804,0.005174804,-0.016000000,0.016000000,4,0.050000000,1,0,0,0,0,0,0,0.324189576,0.858365472,2.945300959
189.700000000,189.600000000,0.100000000,0,0,85,0,-0.100000000,0.100000000,-0.100000000,0.100000000,-0.100000000,0.100000000,0.010000000,0.010000000,-0.136000000,0.136000000,-0.005172090,0.005172090,-0.002000000,0.002000000,4,0.050000000,1,0,0,0,0,0,0,0.289398282,0.910367081,2.956022697
189.800000000,189.700000000,0.100000000,0,0,85,0,-0.100000000,0.100000000,-0.100000000,0.100000000,-0.100000000,0.100000000,-0.010000000,0.010000000,-0.236000000,0.236000000,-0.005169373,0.005169373,0.018000000,0.018000000,4,0.050000000,1,0,0,0,0,0,0,0.220088136,1.009119768,2.962253069
189.900000000,189.800000000,0.100000000,0,0,85,0,-0.100000000,0.100000000,-0.100000000,0.100000000,-0.100000000,0.100000000,0.010000000,0.010000000,-0.136000000,0.136000000,-0.001172932,0.001172932,-0.018000000,0.018000000,4,0.050000000,1,0,0,0,0,0,0,0.222484642,1.116865203,2.956490613
190.000000000,189.900000000,0.100000000,0,0,85,0,-0.100000000,0.100000000,-0.100000000,0.100000000,-0.100000000,0.100000000,-0.009200000,0.009200000,0.064000000,0.064000000,0.002823792,0.002823792,0.000000000,0.000000000,4,0.050000000,1,0,0,0,0,0,0,0.241814335,1.258740969,2.959688835
190.100000000,190.000000000,0.100000000,0,0,85,0,-0.100000000,0.100000000,-0.100000000,0.100000000,-0.100000000,0.100000000,0.010800000,0.010800000,-0.036000000,0.036000000,-0.005176208,0.005176208,-0.004000000,0.004000000,4,0.050000000,1,0,0,0,0,0,0,0.190475669,1.323774348,2.959274065
190.200000000,190.100000000,0.100000000,0,0,85,0,-0.100000000,0.100000000,-0.100000000,0.100000000,-0.100000000,0.100000000,-0.010000000,0.010000000,-0.036000000,0.036000000,-0.009170753,0.009170753,0.016000000,0.016000000,4,0.050000000,1,0,0,0,0,0,0,0.175759759,1.452863807,2.950460701
190.300000000,190.200000000,0.100000000,0,0,85,0,-0.100000000,0.100000000,-0.100000000,0.100000000,-0.100000000,0.100000000,0.010000000,0.010000000,-0.136000000,0.136000000,-0.005168022,0.005168022,-0.006000000,0.006000000,4,0.050000000,1,0,0,0,0,0,0,0.208969186,1.499637483,2.943537801
190.400000000,190.300000000,0.100000000,0,0,85,0,-0.100000000,0.100000000,-0.100000000,0.100000000,-0.100000000,0.100000000,-0.009600000,0.009600000,-0.036000000,0.036000000,-0.009165288,0.009165288,0.006000000,0.006000000,4,0.050000000,1,0,0,0,0,0,0,0.186922717,1.631548689,2.947970782
190.500000000,190.400000000,0.100000000,0,0,85,0,-0.100000000,0.100000000,-0.100000000,0.100000000,-0.100000000,0.100000000,0.010800000,0.010800000,-0.136000000,0.136000000,-0.005177815,0.005177815,-0.014000000,0.014000000,4,0.050000000,1,0,0,0,0,0,0,0.174366376,1.752367005,2.951043515
190.600000000,190.500000000,0.100000000,0,0,85,0,-0.100000000,0.100000000,-0.100000000,0.100000000,-0.100000000,0.100000000,-0.008800000,0.008800000,-0.136000000,0.136000000,-0.005178074,0.005178074,0.004000000,0.004000000,4,0.050000000,1,0,0,0,0,0,0,0.145323537,1.857195727,2.945755079
190.700000000,190.600000000,0.100000000,0,0,85,0,-0.100000000,0.100000000,-0.100000000,0.100000000,-0.100000000,0.100000000,0.013200000,0.013200000,-0.236000000,0.236000000,-0.005181332,0.005181332,-0.002000000,0.002000000,4,0.050000000,1,0,0,0,0,0,0,0.016990603,2.010576352,2.947369451
190.800000000,190.700000000,0.100000000,0,0,85,0,-0.100000000,0.100000000,-0.100000000,0.100000000,-0.100000000,0.100000000,-0.007600000,0.007600000,-0.136000000,0.136000000,-0.009184586,0.009184586,-0.012000000,0.012000000,4,0.050000000,1,0,0,0,0,0,0,-0.050090642,2.116360244,2.955319990
190.900000000,190.800000000,0.100000000,0,0,85,0,-0.100000000,0.100000000,-0.100000000,0.100000000,-0.100000000,0.100000000,0.012000000,0.012000000,-0.036000000,0.036000000,-0.009199839,0.009199839,0.016000000,0.016000000,4,0.050000000,1,0,0,0,0,0,0,-0.030174741,2.281733990,2.944223152
191.000000000,190.900000000,0.100000000,0,0,85,0,-0.100000000,0.100000000,-0.100000000,0.100000000,-0.100000000,0.100000000,-0.008000000,0.008000000,-0.136000000,0.136000000,-0.005197089,0.005197089,0.000000000,0.000000000,4,0.050000000,1,0,0,0,0,0,0,0.001485660,2.408460748,2.930310046
191.100000000,191.000000000,0.100000000,0,0,85,0,-0.100000000,0.100000000,-0.100000000,0.100000000,-0.100000000,0.100000000,0.010000000,0.010000000,-0.036000000,0.036000000,-0.005224336,0.005224336,0.000000000,0.000000000,4,0.050000000,1,0,0,0,0,0,0,-0.019699818,2.557775763,2.958877773
191.200000000,191.100000000,0.100000000,0,0,85,0,-0.100000000,0.100000000,-0.100000000,0.100000000,-0.100000000,0.100000000,-0.010000000,0.010000000,-0.136000000,0.136000000,0.002772178,0.002772178,-0.004000000,0.004000000,4,0.050000000,1,0,0,0,0,0,0,-0.028474895,2.684947407,2.963180358
191.300000000,191.200000000,0.100000000,0,0,85,0,-0.100000000,0.100000000,-0.100000000,0.100000000,-0.100000000,0.100000000,0.010400000,0.010400000,-0.136000000,0.136000000,0.002759939,0.002759939,-0.004000000,0.004000000,4,0.050000000,1,0,0,0,0,0,0,-0.063297377,2.809380097,2.964036374
191.400000000,191.300000000,0.100000000,0,0,85,0,-0.100000000,0.100000000,-0.100000000,0.100000000,-0.100000000,0.100000000,-0.020266667,0.020266667,-0.036000000,0.036000000,-0.005240061,0.005240061,0.008000000,0.008000000,4,0.050000000,1,0,0,0,0,0,0,-0.132987163,2.963473222,2.964774225
191.500000000,191.400000000,0.100000000,0,0,85,0,-0.100000000,0.100000000,-0.100000000,0.100000000,-0.100000000,0.100000000,0.007333333,0.007333333,-0.136000000,0.136000000,-0.005240531,0.005240531,-0.008000000,0.008000000,4,0.050000000,1,0,0,0,0,0,0,-0.150841537,3.052351071,2.968429512
191.600000000,191.500000000,0.100000000,0,0,85,0,-0.100000000,0.100000000,-0.100000000,0.100000000,-0.100000000,0.100000000,-0.010000000,0.010000000,-0.236000000,0.236000000,-0.005237761,0.005237761,0.014000000,0.014000000,4,0.050000000,1,0,0,0,0,0,0,-0.140237377,3.213473220,2.961194659
191.700000000,191.600000000,0.100000000,0,0,85,0,-0.100000000,0.100000000,-0.100000000,0.100000000,-0.100000000,0.100000000,0.010000000,0.010000000,-0.134000000,0.134000000,-0.005240989,0.005240989,-0.008000000,0.008000000,4,0.050000000,1,0,0,0,0,0,0,-0.092065285,3.367219377,2.962181083
191.800000000,191.700000000,0.100000000,0,0,85,0,-0.100000000,0.100000000,-0.100000000,0.100000000,-0.100000000,0.100000000,-0.009600000,0.009600000,-0.234000000,0.234000000,-0.005238213,0.005238213,0.008000000,0.008000000,4,0.050000000,1,0,0,0,0,0,0,-0.105132799,3.510611652,2.957222646
191.900000000,191.800000000,0.100000000,0,0,85,0,-0.100000000,0.100000000,-0.100000000,0.100000000,-0.100000000,0.100000000,0.010400000,0.010400000,-0.134000000,0.134000000,-0.005241435,0.005241435,-0.016000000,0.016000000,4,0.050000000,1,0,0,0,0,0,0,-0.069944747,3.583267091,2.970849782
192.000000000,191.900000000,0.100000000,0,0,85,0,-0.100000000,0.100000000,-0.100000000,0.100000000,-0.100000000,0.100000000,-0.010000000,0.010000000,-0.036000000,0.036000000,-0.005244654,0.005244654,-0.002000000,0.002000000,4,0.050000000,1,0,0,0,0,0,0,-0.036041433,3.673611377,2.966969567
192.100000000,192.000000000,0.100000000,0,0,85,0,-0.100000000,0.100000000,-0.100000000,0.100000000,-0.100000000,0.100000000,0.010800000,0.010800000,-0.136000000,0.136000000,-0.005247871,0.005247871,0.004000000,0.004000000,4,0.050000000,1,0,0,0,0,0,0,-0.033838891,3.728254107,2.962854797
192.200000000,192.100000000,0.100000000,0,0,85,0,-0.100000000,0.100000000,-0.100000000,0.100000000,-0.100000000,0.100000000,-0.009200000,0.009200000,-0.236000000,0.236000000,-0.005245084,0.005245084,-0.012000000,0.012000000,4,0.050000000,1,0,0,0,0,0,0,-0.022687696,3.788327758,2.968228816
192.300000000,192.200000000,0.100000000,0,0,85,0,-0.100000000,0.100000000,-0.100000000,0.100000000,-0.100000000,0.100000000,0.010000000,0.010000000,-0.136000000,0.136000000,-0.005248294,0.005248294,0.000000000,0.000000000,4,0.050000000,1,0,0,0,0,0,0,-0.028490541,3.844369860,2.955680271
192.400000000,192.300000000,0.100000000,0,0,85,0,-0.100000000,0.100000000,-0.100000000,0.100000000,-0.100000000,0.100000000,-0.010000000,0.010000000,-0.134000000,0.134000000,-0.005251502,0.005251502,0.004000000,0.004000000,4,0.050000000,1,0,0,0,0,0,0,-0.016963771,3.866740664,2.946224387
192.500000000,192.400000000,0.100000000,0,0,85,0,-0.100000000,0.100000000,-0.100000000,0.100000000,-0.100000000,0.100000000,0.010400000,0.010400000,-0.234000000,0.234000000,-0.001257909,0.001257909,0.006000000,0.006000000,4,0.050000000,1,0,0,0,0,0,0,0.007383529,3.921053410,2.959638850
192.600000000,192.500000000,0.100000000,0,0,85,0,-0.100000000,0.100000000,-0.100000000,0.100000000,-0.100000000,0.100000000,-0.009600000,0.009600000,-0.034000000,0.034000000,0.006744893,0.006744893,0.016000000,0.016000000,4,0.050000000,1,0,0,0,0,0,0,-0.053880982,3.906261825,2.964501458
192.700000000,192.600000000,0.100000000,0,0,85,0,-0.100000000,0.100000000,-0.100000000,0.100000000,-0.100000000,0.100000000,0.010000000,0.010000000,-0.134000000,0.134000000,-0.005246303,0.005246303,-0.004000000,0.004000000,4,0.050000000,1,0,0,0,0,0,0,-0.092386469,3.850941270,2.964774253
192.800000000,192.700000000,0.100000000,0,0,85,0,-0.100000000,0.100000000,-0.100000000,0.100000000,-0.100000000,0.100000000,-0.010000000,0.010000000,-0.036000000,0.036000000,-0.005246303,0.005246303,0.014000000,0.014000000,4,0.050000000,1,0,0,0,0,0,0,-0.053296159,3.900492940,2.977608292
192.900000000,192.800000000,0.100000000,0,0,85,0,-0.100000000,0.100000000,-0.100000000,0.100000000,-0.100000000,0.100000000,0.010000000,0.010000000,-0.136000000,0.136000000,-0.005249497,0.005249497,-0.008000000,0.008000000,4,0.050000000,1,0,0,0,0,0,0,-0.003457921,3.863583994,2.971654813
193.000000000,192.900000000,0.100000000,0,0,85,0,-0.100000000,0.100000000,-0.100000000,0.100000000,-0.100000000,0.100000000,-0.010000000,0.010000000,-0.034000000,0.034000000,-0.005246687,0.005246687,0.004000000,0.004000000,4,0.050000000,1,0,0,0,0,0,0,0.030658936,3.783402736,2.966139842
193.100000000,193.000000000,0.100000000,0,0,85,0,-0.100000000,0.100000000,-0.100000000,0.100000000,-0.100000000,0.100000000,0.010000000,0.010000000,-0.134000000,0.134000000,-0.005237875,0.005237875,0.016000000,0.016000000,4,0.050000000,1,0,0,0,0,0,0,0.022337397,3.725384413,2.974622579
193.200000000,193.100000000,0.100000000,0,0,85,0,-0.100000000,0.100000000,-0.100000000,0.100000000,-0.100000000,0.100000000,-0.010000000,0.010000000,-0.036000000,0.036000000,-0.005241059,0.005241059,-0.008000000,0.008000000,4,0.050000000,1,0,0,0,0,0,0,0.042782655,3.691172748,2.965428142
193.300000000,193.200000000,0.100000000,0,0,85,0,-0.100000000,0.100000000,-0.100000000,0.100000000,-0.100000000,0.100000000,0.010000000,0.010000000,-0.136000000,0.136000000,-0.005238242,0.005238242,0.000000000,0.000000000,4,0.050000000,1,0,0,0,0,0,0,0.019331206,3.694470683,2.966489304
193.400000000,193.300000000,0.100000000,0,0,85,0,-0.100000000,0.100000000,-0.100000000,0.100000000,-0.100000000,0.100000000,-0.010000000,0.010000000,-0.036000000,0.036000000,-0.005238598,0.005238598,0.000000000,0.000000000,4,0.050000000,1,0,0,0,0,0,0,-0.036997032,3.698274118,2.961140413
193.500000000,193.400000000,0.100000000,0,0,85,0,-0.100000000,0.100000000,-0.100000000,0.100000000,-0.100000000,0.100000000,0.010000000,0.010000000,-0.136000000,0.136000000,-0.005235772,0.005235772,0.004000000,0.004000000,4,0.050000000,1,0,0,0,0,0,0,-0.058769444,3.643375999,2.975044663
193.600000000,193.500000000,0.100000000,0,0,85,0,-0.100000000,0.100000000,-0.100000000,0.100000000,-0.100000000,0.100000000,-0.009600000,0.009600000,-0.236000000,0.236000000,-0.005232944,0.005232944,-0.018000000,0.018000000,4,0.050000000,1,0,0,0,0,0,0,-0.069173646,3.603131458,2.970531715
193.700000000,193.600000000,0.100000000,0,0,85,0,-0.100000000,0.100000000,-0.100000000,0.100000000,-0.100000000,0.100000000,0.010400000,0.010400000,-0.136000000,0.136000000,-0.001239112,0.001239112,-0.006000000,0.006000000,4,0.050000000,1,0,0,0,0,0,0,0.038857929,3.465998584,2.973562285
193.800000000,193.700000000,0.100000000,0,0,85,0,-0.100000000,0.100000000,-0.100000000,0.100000000,-0.100000000,0.100000000,-0.018000000,0.018000000,-0.036000000,0.036000000,0.002763721,0.002763721,0.000000000,0.000000000,4,0.050000000,1,0,0,0,0,0,0,0.055972028,3.536728642,2.963392623
193.900000000,193.800000000,0.100000000,0,0,85,0,-0.100000000,0.100000000,-0.100000000,0.100000000,-0.100000000,0.100000000,0.010000000,0.010000000,-0.136000000,0.136000000,0.006763397,0.006763397,0.014000000,0.014000000,4,0.050000000,1,0,0,0,0,0,0,0.109556668,3.379165334,2.974125374
194.000000000,193.900000000,0.100000000,0,0,85,0,-0.100000000,0.100000000,-0.100000000,0.100000000,-0.100000000,0.100000000,-0.009200000,0.009200000,-0.236000000,0.236000000,-0.005236603,0.005236603,-0.004000000,0.004000000,4,0.050000000,1,0,0,0,0,0,0,0.101212680,3.417159404,2.974785154
194.100000000,194.000000000,0.100000000,0,0,85,0,-0.100000000,0.100000000,-0.100000000,0.100000000,-0.100000000,0.100000000,0.010800000,0.010800000,-0.136000000,0.136000000,-0.005239762,0.005239762,0.006000000,0.006000000,4,0.050000000,1,0,0,0,0,0,0,0.074852629,3.333597104,2.971452213
194.200000000,194.100000000,0.100000000,0,0,85,0,-0.100000000,0.100000000,-0.100000000,0.100000000,-0.100000000,0.100000000,-0.010000000,0.010000000,-0.236000000,0.236000000,-0.009242917,0.009242917,-0.014000000,0.014000000,4,0.050000000,1,0,0,0,0,0,0,0.009803795,3.354036574,2.972354561
194.300000000,194.200000000,0.100000000,0,0,85,0,-0.100000000,0.100000000,-0.100000000,0.100000000,-0.100000000,0.100000000,0.010000000,0.010000000,-0.036000000,0.036000000,-0.009246070,0.009246070,-0.004000000,0.004000000,4,0.050000000,1,0,0,0,0,0,0,0.014796784,3.291629035,2.970348086
194.400000000,194.300000000,0.100000000,0,0,85,0,-0.100000000,0.100000000,-0.100000000,0.100000000,-0.100000000,0.100000000,-0.010000000,0.010000000,-0.136000000,0.136000000,-0.005249221,0.005249221,0.004000000,0.004000000,4,0.050000000,1,0,0,0,0,0,0,0.004162248,3.256956101,2.977291560
194.500000000,194.400000000,0.100000000,0,0,85,0,-0.100000000,0.100000000,-0.100000000,0.100000000,-0.100000000,0.100000000,0.010000000,0.010000000,-0.236000000,0.236000000,-0.005252369,0.005252369,-0.016000000,0.016000000,4,0.050000000,1,0,0,0,0,0,0,0.013375708,3.255491923,2.976889523
194.600000000,194.500000000,0.100000000,0,0,85,0,-0.100000000,0.100000000,-0.100000000,0.100000000,-0.100000000,0.100000000,-0.010000000,0.010000000,-0.136000000,0.136000000,-0.005249514,0.005249514,-0.004000000,0.004000000,4,0.050000000,1,0,0,0,0,0,0,0.054084293,3.242301120,2.985779690
194.700000000,194.600000000,0.100000000,0,0,85,0,-0.100000000,0.100000000,-0.100000000,0.100000000,-0.100000000,0.100000000,0.010000000,0.010000000,-0.236000000,0.236000000,-0.005246656,0.005246656,0.006000000,0.006000000,4,0.050000000,1,0,0,0,0,0,0,0.115296671,3.173122817,2.959733106
194.800000000,194.700000000,0.100000000,0,0,85,0,-0.100000000,0.100000000,-0.100000000,0.100000000,-0.100000000,0.100000000,-0.010000000,0.010000000,-0.136000000,0.136000000,-0.005246796,0.005246796,-0.016000000,0.016000000,4,0.050000000,1,0,0,0,0,0,0,0.127894991,3.119035398,2.965412265
194.900000000,194.800000000,0.100000000,0,0,85,0,-0.100000000,0.100000000,-0.100000000,0.100000000,-0.100000000,0.100000000,0.010000000,0.010000000,-0.036000000,0.036000000,-0.005249933,0.005249933,-0.002000000,0.002000000,4,0.050000000,1,0,0,0,0,0,0,0.120052866,3.069349502,2.970694634
195.000000000,194.900000000,0.100000000,0,0,85,0,-0.100000000,0.100000000,-0.100000000,0.100000000,-0.100000000,0.100000000,-0.010000000,0.010000000,-0.136000000,0.136000000,-0.001253067,0.001253067,0.008000000,0.008000000,4,0.050000000,1,0,0,0,0,0,0,0.104005911,3.095122552,2.982593548
195.100000000,195.000000000,0.100000000,0,0,85,0,-0.100000000,0.100000000,-0.100000000,0.100000000,-0.100000000,0.100000000,0.010000000,0.010000000,-0.036000000,0.036000000,-0.001256199,0.001256199,-0.014000000,0.014000000,4,0.050000000,1,0,0,0,0,0,0,0.055307526,3.109576451,2.977101410
195.200000000,195.100000000,0.100000000,0,0,85,0,-0.100000000,0.100000000,-0.100000000,0.100000000,-0.100000000,0.100000000,-0.010000000,0.010000000,-0.136000000,0.136000000,-0.005259328,0.005259328,-0.002000000,0.002000000,4,0.050000000,1,0,0,0,0,0,0,0.032499797,3.080431128,2.977831472
195.300000000,195.200000000,0.100000000,0,0,85,0,-0.100000000,0.100000000,-0.100000000,0.100000000,-0.100000000,0.100000000,0.010000000,0.010000000,-0.236000000,0.236000000,-0.005256454,0.005256454,0.010000000,0.010000000,4,0.050000000,1,0,0,0,0,0,0,0.018298484,3.096001221,2.971114397
195.400000000,195.300000000,0.100000000,0,0,85,0,-0.100000000,0.100000000,-0.100000000,0.100000000,-0.100000000,0.100000000,-0.010000000,0.010000000,-0.136000000,0.136000000,-0.005253578,0.005253578,-0.012000000,0.012000000,4,0.050000000,1,0,0,0,0,0,0,0.008110850,3.059548844,2.969528024
195.500000000,195.400000000,0.100000000,0,0,85,0,-0.100000000,0.100000000,-0.100000000,0.100000000,-0.100000000,0.100000000,0.002000000,0.002000000,-0.236000000,0.236000000,-0.009259699,0.009259699,0.000000000,0.000000000,4,0.050000000,1,0,0,0,0,0,0,0.015402189,2.995616798,2.967571745
195.600000000,195.500000000,0.100000000,0,0,85,0,-0.100000000,0.100000000,-0.100000000,0.100000000,-0.100000000,0.100000000,-0.012666667,0.012666667,-0.036000000,0.036000000,-0.009262817,0.009262817,0.012000000,0.012000000,4,0.050000000,1,0,0,0,0,0,0,0.022825931,2.936291520,2.970053167
195.700000000,195.600000000,0.100000000,0,0,85,0,-0.100000000,0.100000000,-0.100000000,0.100000000,-0.100000000,0.100000000,0.010000000,0.010000000,-0.136000000,0.136000000,-0.005265932,0.005265932,-0.010000000,0.010000000,4,0.050000000,1,0,0,0,0,0,0,-0.004194967,2.956713195,2.954838166
195.800000000,195.700000000,0.100000000,0,0,85,0,-0.100000000,0.100000000,-0.100000000,0.100000000,-0.100000000,0.100000000,-0.010000000,0.010000000,-0.236000000,0.236000000,-0.005269045,0.005269045,0.000000000,0.000000000,4,0.050000000,1,0,0,0,0,0,0,0.006776858,2.874444054,2.964098733
195.900000000,195.800000000,0.100000000,0,0,85,0,-0.100000000,0.100000000,-0.100000000,0.100000000,-0.100000000,0.100000000,0.010000000,0.010000000,-0.136000000,0.136000000,-0.005272155,0.005272155,0.010000000,0.010000000,4,0.050000000,1,0,0,0,0,0,0,-0.033374957,2.783036177,2.954914122
196.000000000,195.900000000,0.100000000,0,0,85,0,-0.100000000,0.100000000,-0.100000000,0.100000000,-0.100000000,0.100000000,-0.010000000,0.010000000,-0.236000000,0.236000000,-0.009275262,0.009275262,-0.012000000,0.012000000,4,0.050000000,1,0,0,0,0,0,0,-0.049493053,2.775056267,2.946612575
196.100000000,196.000000000,0.100000000,0,0,85,0,-0.100000000,0.100000000,-0.100000000,0.100000000,-0.100000000,0.100000000,0.010000000,0.010000000,-0.336000000,0.336000000,-0.005278367,0.005278367,-0.002000000,0.002000000,4,0.050000000,1,0,0,0,0,0,0,0.009391688,2.738151693,2.947905027
196.200000000,196.100000000,0.100000000,0,0,85,0,-0.100000000,0.100000000,-0.100000000,0.100000000,-0.100000000,0.100000000,-0.010000000,0.010000000,-0.136000000,0.136000000,-0.005281468,0.005281468,0.010000000,0.010000000,4,0.050000000,1,0,0,0,0,0,0,0.047762672,2.683433000,2.949341356
196.300000000,196.200000000,0.100000000,0,0,85,0,-0.100000000,0.100000000,-0.100000000,0.100000000,-0.100000000,0.100000000,0.010000000,0.010000000,-0.236000000,0.236000000,-0.001284567,0.001284567,-0.012000000,0.012000000,4,0.050000000,1,0,0,0,0,0,0,0.034682510,2.635978336,2.954246169
196.400000000,196.300000000,0.100000000,0,0,85,0,-0.100000000,0.100000000,-0.100000000,0.100000000,-0.100000000,0.100000000,-0.010000000,0.010000000,-0.136000000,0.136000000,0.002718337,0.002718337,0.000000000,0.000000000,4,0.050000000,1,0,0,0,0,0,0,0.054264899,2.535011021,2.949209726
196.500000000,196.400000000,0.100000000,0,0,85,0,-0.100000000,0.100000000,-0.100000000,0.100000000,-0.100000000,0.100000000,0.010000000,0.010000000,-0.236000000,0.236000000,0.006721244,0.006721244,0.010000000,0.010000000,4,0.050000000,1,0,0,0,0,0,0,0.107408665,2.439845911,2.945863166
196.600000000,196.500000000,0.100000000,0,0,85,0,-0.100000000,0.100000000,-0.100000000,0.100000000,-0.100000000,0.100000000,-0.010000000,0.010000000,-0.136000000,0.136000000,-0.005281847,0.005281847,-0.012000000,0.012000000,4,0.050000000,1,0,0,0,0,0,0,0.076338363,2.386891671,2.945364726
196.700000000,196.600000000,0.100000000,0,0,85,0,-0.100000000,0.100000000,-0.100000000,0.100000000,-0.100000000,0.100000000,0.010000000,0.010000000,-0.236000000,0.236000000,-0.005278934,0.005278934,0.000000000,0.000000000,4,0.050000000,1,0,0,0,0,0,0,0.095666932,2.305157693,2.941763757
196.800000000,196.700000000,0.100000000,0,0,85,0,-0.100000000,0.100000000,-0.100000000,0.100000000,-0.100000000,0.100000000,-0.010000000,0.010000000,-0.136000000,0.136000000,-0.005276019,0.005276019,0.012000000,0.012000000,4,0.050000000,1,0,0,0,0,0,0,0.119146918,2.233234449,2.923533107
196.900000000,196.800000000,0.100000000,0,0,85,0,-0.100000000,0.100000000,-0.100000000,0.100000000,-0.100000000,0.100000000,0.010000000,0.010000000,-0.236000000,0.236000000,-0.005276101,0.005276101,-0.010000000,0.010000000,4,0.050000000,1,0,0,0,0,0,0,0.072354612,2.191180335,2.935675155
197.000000000,196.900000000,0.100000000,0,0,85,0,-0.100000000,0.100000000,-0.100000000,0.100000000,-0.100000000,0.100000000,-0.010000000,0.010000000,-0.136000000,0.136000000,-0.005270180,0.005270180,0.002000000,0.002000000,4,0.050000000,1,0,0,0,0,0,0,0.069861295,2.094950886,2.929607550
197.100000000,197.000000000,0.100000000,0,0,85,0,-0.100000000,0.100000000,-0.100000000,0.100000000,-0.100000000,0.100000000,0.010000000,0.010000000,-0.236000000,0.236000000,-0.005267257,0.005267257,0.012000000,0.012000000,4,0.050000000,1,0,0,0,0,0,0,0.049386560,1.974712666,2.934133254
197.200000000,197.100000000,0.100000000,0,0,85,0,-0.100000000,0.100000000,-0.100000000,0.100000000,-0.100000000,0.100000000,-0.010000000,0.010000000,-0.136000000,0.136000000,-0.005264331,0.005264331,-0.010000000,0.010000000,4,0.050000000,1,0,0,0,0,0,0,0.052966747,1.927779134,2.942355598
197.300000000,197.200000000,0.100000000,0,0,85,0,-0.100000000,0.100000000,-0.100000000,0.100000000,-0.100000000,0.100000000,0.010000000,0.010000000,-0.236000000,0.236000000,-0.005267402,0.005267402,0.002000000,0.002000000,4,0.050000000,1,0,0,0,0,0,0,0.081215053,1.883213153,2.936262729
197.400000000,197.300000000,0.100000000,0,0,85,0,-0.100000000,0.100000000,-0.100000000,0.100000000,-0.100000000,0.100000000,-0.010000000,0.010000000,-0.036000000,0.036000000,-0.005270471,0.005270471,0.014000000,0.014000000,4,0.050000000,1,0,0,0,0,0,0,0.069014345,1.798775356,2.934093118
197.500000000,197.400000000,0.100000000,0,0,85,0,-0.100000000,0.100000000,-0.100000000,0.100000000,-0.100000000,0.100000000,0.010000000,0.010000000,-0.136000000,0.136000000,-0.005273537,0.005273537,-0.008000000,0.008000000,4,0.050000000,1,0,0,0,0,0,0,0.016823649,1.690734507,2.932296400
197.600000000,197.500000000,0.100000000,0,0,85,0,-0.100000000,0.100000000,-0.100000000,0.100000000,-0.100000000,0.100000000,-0.010000000,0.010000000,-0.130000000,0.130000000,-0.005276600,0.005276600,0.004000000,0.004000000,4,0.050000000,1,0,0,0,0,0,0,0.053158095,1.544079776,2.936775646
197.700000000,197.600000000,0.100000000,0,0,85,0,-0.100000000,0.100000000,-0.100000000,0.100000000,-0.100000000,0.100000000,0.010000000,0.010000000,-0.230000000,0.230000000,0.002720339,0.002720339,0.016000000,0.016000000,4,0.050000000,1,0,0,0,0,0,0,0.106463513,1.419363627,2.953930240
197.800000000,197.700000000,0.100000000,0,0,85,0,-0.100000000,0.100000000,-0.100000000,0.100000000,-0.100000000,0.100000000,-0.010000000,0.010000000,-0.136000000,0.136000000,-0.005276719,0.005276719,-0.008000000,0.008000000,4,0.050000000,1,0,0,0,0,0,0,0.083686576,1.385584507,2.954504217
197.900000000,197.800000000,0.100000000,0,0,85,0,-0.100000000,0.100000000,-0.100000000,0.100000000,-0.100000000,0.100000000,0.010000000,0.010000000,-0.236000000,0.236000000,-0.005273775,0.005273775,0.004000000,0.004000000,4,0.050000000,1,0,0,0,0,0,0,0.013932482,1.314279565,2.959089864
198.000000000,197.900000000,0.100000000,0,0,85,0,-0.100000000,0.100000000,-0.100000000,0.100000000,-0.100000000,0.100000000,-0.010000000,0.010000000,-0.036000000,0.036000000,-0.005270827,0.005270827,-0.018000000,0.018000000,4,0.050000000,1,0,0,0,0,0,0,-0.007666611,1.233080750,2.950820988
198.100000000,198.000000000,0.100000000,0,0,85,0,-0.100000000,0.100000000,-0.100000000,0.100000000,-0.100000000,0.100000000,0.010000000,0.010000000,-0.136000000,0.136000000,-0.009267878,0.009267878,-0.006000000,0.006000000,4,0.050000000,1,0,0,0,0,0,0,0.041673745,1.087165028,2.962098106
198.200000000,198.100000000,0.100000000,0,0,85,0,-0.100000000,0.100000000,-0.100000000,0.100000000,-0.100000000,0.100000000,-0.010000000,0.010000000,-0.036000000,0.036000000,-0.009267925,0.009267925,0.002000000,0.002000000,4,0.050000000,1,0,0,0,0,0,0,0.074271469,0.949170986,2.975651051
198.300000000,198.200000000,0.100000000,0,0,85,0,-0.100000000,0.100000000,-0.100000000,0.100000000,-0.100000000,0.100000000,0.010000000,0.010000000,-0.136000000,0.136000000,-0.009264970,0.009264970,-0.018000000,0.018000000,4,0.050000000,1,0,0,0,0,0,0,0.081584837,0.863263486,2.968416114
198.400000000,198.300000000,0.100000000,0,0,85,0,-0.100000000,0.100000000,-0.100000000,0.100000000,-0.100000000,0.100000000,-0.009600000,0.009600000,-0.036000000,0.036000000,-0.005262013,0.005262013,-0.006000000,0.006000000,4,0.050000000,1,0,0,0,0,0,0,0.104306494,0.733904191,2.967938261
198.500000000,198.400000000,0.100000000,0,0,85,0,-0.100000000,0.100000000,-0.100000000,0.100000000,-0.100000000,0.100000000,0.010400000,0.010400000,-0.036000000,0.036000000,-0.005259053,0.005259053,0.002000000,0.002000000,4,0.050000000,1,0,0,0,0,0,0,0.112471498,0.658504908,2.984205180
198.600000000,198.500000000,0.100000000,0,0,85,0,-0.100000000,0.100000000,-0.100000000,0.100000000,-0.100000000,0.100000000,-0.010000000,0.010000000,-0.136000000,0.136000000,-0.005265090,0.005265090,0.016000000,0.016000000,4,0.050000000,1,0,0,0,0,0,0,0.159565303,0.560618029,2.995089416
198.700000000,198.600000000,0.100000000,0,0,85,0,-0.100000000,0.100000000,-0.100000000,0.100000000,-0.100000000,0.100000000,0.010000000,0.010000000,-0.036000000,0.036000000,-0.005268125,0.005268125,-0.008000000,0.008000000,4,0.050000000,1,0,0,0,0,0,0,0.237911252,0.428646381,2.984544239
198.800000000,198.700000000,0.100000000,0,0,85,0,-0.100000000,0.100000000,-0.100000000,0.100000000,-0.100000000,0.100000000,-0.010000000,0.010000000,-0.136000000,0.136000000,-0.005262188,0.005262188,0.000000000,0.000000000,4,0.050000000,1,0,0,0,0,0,0,0.243861178,0.322907341,2.959513816
198.900000000,198.800000000,0.100000000,0,0,85,0,-0.100000000,0.100000000,-0.100000000,0.100000000,-0.100000000,0.100000000,0.010000000,0.010000000,-0.136000000,0.136000000,-0.001259216,0.001259216,0.014000000,0.014000000,4,0.050000000,1,0,0,0,0,0,0,0.242149598,0.266743399,2.959220933
199.000000000,198.900000000,0.100000000,0,0,85,0,-0.100000000,0.100000000,-0.100000000,0.100000000,-0.100000000,0.100000000,-0.010000000,0.010000000,-0.236000000,0.236000000,0.002746759,0.002746759,-0.010000000,0.010000000,4,0.050000000,1,0,0,0,0,0,0,0.256001992,0.175702100,2.954234926
199.100000000,199.000000000,0.100000000,0,0,85,0,-0.100000000,0.100000000,-0.100000000,0.100000000,-0.100000000,0.100000000,0.010000000,0.010000000,-0.336000000,0.336000000,-0.005253241,0.005253241,0.000000000,0.000000000,4,0.050000000,1,0,0,0,0,0,0,0.239349804,0.153530747,2.954230654
199.200000000,199.100000000,0.100000000,0,0,85,0,-0.100000000,0.100000000,-0.100000000,0.100000000,-0.100000000,0.100000000,-0.010000000,0.010000000,-0.136000000,0.136000000,-0.005256264,0.005256264,0.016000000,0.016000000,4,0.050000000,1,0,0,0,0,0,0,0.228302012,0.163069156,2.965258845
199.300000000,199.200000000,0.100000000,0,0,85,0,-0.100000000,0.100000000,-0.100000000,0.100000000,-0.100000000,0.100000000,0.010000000,0.010000000,-0.236000000,0.236000000,-0.009253284,0.009253284,-0.008000000,0.008000000,4,0.050000000,1,0,0,0,0,0,0,0.177091319,0.127231439,2.955507680
199.400000000,199.300000000,0.100000000,0,0,85,0,-0.100000000,0.100000000,-0.100000000,0.100000000,-0.100000000,0.100000000,-0.010000000,0.010000000,-0.136000000,0.136000000,-0.005256303,0.005256303,0.000000000,0.000000000,4,0.050000000,1,0,0,0,0,0,0,0.133440176,0.141111460,2.950243672
199.500000000,199.400000000,0.100000000,0,0,85,0,-0.100000000,0.100000000,-0.100000000,0.100000000,-0.100000000,0.100000000,0.010000000,0.010000000,-0.036000000,0.036000000,-0.005262318,0.005262318,0.014000000,0.014000000,4,0.050000000,1,0,0,0,0,0,0,0.164092006,0.118041586,2.949746600
199.600000000,199.500000000,0.100000000,0,0,85,0,-0.100000000,0.100000000,-0.100000000,0.100000000,-0.100000000,0.100000000,-0.010000000,0.010000000,-0.136000000,0.136000000,-0.005253332,0.005253332,-0.010000000,0.010000000,4,0.050000000,1,0,0,0,0,0,0,0.163247791,0.120870829,2.946079076
199.700000000,199.600000000,0.100000000,0,0,85,0,-0.100000000,0.100000000,-0.100000000,0.100000000,-0.100000000,0.100000000,0.010000000,0.010000000,-0.236000000,0.236000000,-0.009250343,0.009250343,0.000000000,0.000000000,4,0.050000000,1,0,0,0,0,0,0,0.112676664,0.131246822,2.944477572
199.800000000,199.700000000,0.100000000,0,0,85,0,-0.100000000,0.100000000,-0.100000000,0.100000000,-0.100000000,0.100000000,-0.010000000,0.010000000,-0.136000000,0.136000000,-0.009247352,0.009247352,0.012000000,0.012000000,4,0.050000000,1,0,0,0,0,0,0,0.054944312,0.168815769,2.947166961
199.900000000,199.800000000,0.100000000,0,0,85,0,-0.100000000,0.100000000,-0.100000000,0.100000000,-0.100000000,0.100000000,0.010000000,0.010000000,-0.236000000,0.236000000,-0.009244358,0.009244358,-0.010000000,0.010000000,4,0.050000000,1,0,0,0,0,0,0,0.029184868,0.210340404,2.936091571
200.000000000,199.900000000,0.100000000,0,0,85,0,-0.100000000,0.100000000,-0.100000000,0.100000000,-0.100000000,0.100000000,-0.010000000,0.010000000,-0.036000000,0.036000000,-0.005247362,0.005247362,-0.002000000,0.002000000,4,0.050000000,1,0,0,0,0,0,0,0.017117835,0.275729177,2.944862319
200.100000000,200.000000000,0.100000000,0,0,85,0,-0.100000000,0.100000000,-0.100000000,0.100000000,-0.100000000,0.100000000,0.010000000,0.010000000,-0.136000000,0.136000000,-0.009244364,0.009244364,0.010000000,0.010000000,4,0.050000000,1,0,0,0,0,0,0,-0.014170565,0.377123481,2.939493274
200.200000000,200.100000000,0.100000000,0,0,85,0,-0.100000000,0.100000000,-0.100000000,0.100000000,-0.100000000,0.100000000,-0.010000000,0.010000000,-0.136000000,0.136000000,-0.005247362,0.005247362,-0.018000000,0.018000000,4,0.050000000,1,0,0,0,0,0,0,-0.053137430,0.455325586,2.935767544
200.300000000,200.200000000,0.100000000,0,0,85,0,-0.100000000,0.100000000,-0.100000000,0.100000000,-0.100000000,0.100000000,0.010000000,0.010000000,-0.236000000,0.236000000,-0.001250357,0.001250357,-0.006000000,0.006000000,4,0.050000000,1,0,0,0,0,0,0,-0.054706461,0.547165121,2.932104111
200.400000000,200.300000000,0.100000000,0,0,85,0,-0.100000000,0.100000000,-0.100000000,0.100000000,-0.100000000,0.100000000,-0.010000000,0.010000000,-0.136000000,0.136000000,0.002752649,0.002752649,0.012000000,0.012000000,4,0.050000000,1,0,0,0,0,0,0,-0.033724970,0.613725945,2.927800059
200.500000000,200.400000000,0.100000000,0,0,85,0,-0.100000000,0.100000000,-0.100000000,0.100000000,-0.100000000,0.100000000,0.010000000,0.010000000,-0.236000000,0.236000000,0.006755658,0.006755658,-0.002000000,0.002000000,4,0.050000000,1,0,0,0,0,0,0,-0.022981850,0.684293150,2.933296101
200.600000000,200.500000000,0.100000000,0,0,85,0,-0.100000000,0.100000000,-0.100000000,0.100000000,-0.100000000,0.100000000,-0.010000000,0.010000000,-0.036000000,0.036000000,-0.009253330,0.009253330,0.006000000,0.006000000,4,0.050000000,1,0,0,0,0,0,0,0.000184661,0.701209964,2.932496888
200.700000000,200.600000000,0.100000000,0,0,85,0,-0.100000000,0.100000000,-0.100000000,0.100000000,-0.100000000,0.100000000,-0.001800000,0.001800000,-0.136000000,0.136000000,-0.005250317,0.005250317,0.002000000,0.002000000,4,0.050000000,1,0,0,0,0,0,0,-0.073118796,0.853164679,2.943642061
200.800000000,200.700000000,0.100000000,0,0,85,0,-0.100000000,0.100000000,-0.100000000,0.100000000,-0.100000000,0.100000000,0.014133333,0.014133333,-0.236000000,0.236000000,-0.009253301,0.009253301,-0.012000000,0.012000000,4,0.050000000,1,0,0,0,0,0,0,-0.133642568,0.758358491,2.937456863
200.900000000,200.800000000,0.100000000,0,0,85,0,-0.100000000,0.100000000,-0.100000000,0.100000000,-0.100000000,0.100000000,0.007333333,0.007333333,-0.136000000,0.136000000,-0.005256283,0.005256283,0.010000000,0.010000000,4,0.050000000,1,0,0,0,0,0,0,-0.219499322,0.916881425,2.940628420
201.000000000,200.900000000,0.100000000,0,0,85,0,-0.100000000,0.100000000,-0.100000000,0.100000000,-0.100000000,0.100000000,-0.009600000,0.009600000,-0.236000000,0.236000000,-0.005253263,0.005253263,-0.002000000,0.002000000,4,0.050000000,1,0,0,0,0,0,0,-0.223820935,0.933563447,2.943427460
201.100000000,201.000000000,0.100000000,0,0,85,0,-0.100000000,0.100000000,-0.100000000,0.100000000,-0.100000000,0.100000000,0.010400000,0.010400000,-0.036000000,0.036000000,-0.005256241,0.005256241,0.018000000,0.018000000,4,0.050000000,1,0,0,0,0,0,0,-0.186516410,0.917864002,2.947535601
201.200000000,201.100000000,0.100000000,0,0,85,0,-0.100000000,0.100000000,-0.100000000,0.100000000,-0.100000000,0.100000000,-0.009200000,0.009200000,-0.136000000,0.136000000,-0.005247216,0.005247216,0.000000000,0.000000000,4,0.050000000,1,0,0,0,0,0,0,-0.123983579,0.891377255,2.947399556
201.300000000,201.200000000,0.100000000,0,0,85,0,-0.100000000,0.100000000,-0.100000000,0.100000000,-0.100000000,0.100000000,0.010800000,0.010800000,-0.136000000,0.136000000,-0.005256190,0.005256190,0.018000000,0.018000000,4,0.050000000,1,0,0,0,0,0,0,-0.139319244,0.868839436,2.944409771
201.400000000,201.300000000,0.100000000,0,0,85,0,-0.100000000,0.100000000,-0.100000000,0.100000000,-0.100000000,0.100000000,-0.010000000,0.010000000,-0.236000000,0.236000000,-0.009259161,0.009259161,0.000000000,0.000000000,5,0.050000000,1,0,0,0,0,0,0,-0.141122811,0.847056403,2.953886989
201.500000000,201.400000000,0.100000000,0,0,85,0,-0.100000000,0.100000000,-0.100000000,0.100000000,-0.100000000,0.100000000,0.010000000,0.010000000,-0.136000000,0.136000000,-0.005262129,0.005262129,0.014000000,0.014000000,5,0.050000000,1,0,0,0,0,0,0,-0.128579218,0.866741685,2.943420649
201.600000000,201.500000000,0.100000000,0,0,85,0,-0.100000000,0.100000000,-0.100000000,0.100000000,-0.100000000,0.100000000,-0.010000000,0.010000000,-0.236000000,0.236000000,-0.001259096,0.001259096,-0.006000000,0.006000000,5,0.050000000,1,0,0,0,0,0,0,-0.103927671,0.874157990,2.958988577
201.700000000,201.600000000,0.100000000,0,0,85,0,-0.100000000,0.100000000,-0.100000000,0.100000000,-0.100000000,0.100000000,0.010400000,0.010400000,-0.036000000,0.036000000,0.002743940,0.002743940,0.006000000,0.006000000,5,0.050000000,1,0,0,0,0,0,0,-0.064966299,0.828762496,2.961683543
201.800000000,201.700000000,0.100000000,0,0,85,0,-0.100000000,0.100000000,-0.100000000,0.100000000,-0.100000000,0.100000000,-0.009600000,0.009600000,-0.136000000,0.136000000,0.006740978,0.006740978,0.008000000,0.008000000,5,0.050000000,1,0,0,0,0,0,0,-0.121985483,0.850795808,2.956252572
201.900000000,201.800000000,0.100000000,0,0,85,0,-0.100000000,0.100000000,-0.100000000,0.100000000,-0.100000000,0.100000000,0.010000000,0.010000000,-0.236000000,0.236000000,-0.009261982,0.009261982,-0.012000000,0.012000000,5,0.050000000,1,0,0,0,0,0,0,-0.138567996,0.854904388,2.956582584
202.000000000,201.900000000,0.100000000,0,0,85,0,-0.100000000,0.100000000,-0.100000000,0.100000000,-0.100000000,0.100000000,-0.010000000,0.010000000,-0.236000000,0.236000000,-0.009270940,0.009270940,-0.002000000,0.002000000,5,0.050000000,1,0,0,0,0,0,0,-0.182617430,0.849130155,2.954365995
202.100000000,202.000000000,0.100000000,0,0,85,0,-0.100000000,0.100000000,-0.100000000,0.100000000,-0.100000000,0.100000000,0.010000000,0.010000000,-0.036000000,0.036000000,-0.005267895,0.005267895,0.008000000,0.008000000,5,0.050000000,1,0,0,0,0,0,0,-0.204285887,0.791631143,2.968279842
202.200000000,202.100000000,0.100000000,0,0,85,0,-0.100000000,0.100000000,-0.100000000,0.100000000,-0.100000000,0.100000000,-0.010000000,0.010000000,-0.136000000,0.136000000,-0.005276848,0.005276848,-0.010000000,0.010000000,5,0.050000000,1,0,0,0,0,0,0,-0.200674702,0.829211299,2.969338206
202.300000000,202.200000000,0.100000000,0,0,85,0,-0.100000000,0.100000000,-0.100000000,0.100000000,-0.100000000,0.100000000,0.010000000,0.010000000,-0.036000000,0.036000000,-0.005273799,0.005273799,0.002000000,0.002000000,5,0.050000000,1,0,0,0,0,0,0,-0.229328204,0.867566109,2.961738480
202.400000000,202.300000000,0.100000000,0,0,85,0,-0.100000000,0.100000000,-0.100000000,0.100000000,-0.100000000,0.100000000,-0.010000000,0.010000000,-0.136000000,0.136000000,-0.009276747,0.009276747,0.016000000,0.016000000,5,0.050000000,1,0,0,0,0,0,0,-0.196362691,0.848294294,2.965987767
202.500000000,202.400000000,0.100000000,0,0,85,0,-0.100000000,0.100000000,-0.100000000,0.100000000,-0.100000000,0.100000000,0.004666667,0.004666667,-0.036000000,0.036000000,-0.009273693,0.009273693,-0.010000000,0.010000000,5,0.050000000,1,0,0,0,0,0,0,-0.235459062,0.798987453,2.958624399
202.600000000,202.500000000,0.100000000,0,0,85,0,-0.100000000,0.100000000,-0.100000000,0.100000000,-0.100000000,0.100000000,-0.010000000,0.010000000,-0.136000000,0.136000000,-0.005270637,0.005270637,0.010000000,0.010000000,5,0.050000000,1,0,0,0,0,0,0,-0.321165323,0.772560532,2.947422229
202.700000000,202.600000000,0.100000000,0,0,85,0,-0.100000000,0.100000000,-0.100000000,0.100000000,-0.100000000,0.100000000,0.010000000,0.010000000,-0.236000000,0.236000000,-0.005270518,0.005270518,-0.016000000,0.016000000,5,0.050000000,1,0,0,0,0,0,0,-0.389715959,0.802827270,2.952736116
202.800000000,202.700000000,0.100000000,0,0,85,0,-0.100000000,0.100000000,-0.100000000,0.100000000,-0.100000000,0.100000000,-0.010000000,0.010000000,-0.136000000,0.136000000,-0.001270518,0.001270518,0.004000000,0.004000000,5,0.050000000,1,0,0,0,0,0,0,-0.413418668,0.848796335,2.956647565
202.900000000,202.800000000,0.100000000,0,0,85,0,-0.100000000,0.100000000,-0.100000000,0.100000000,-0.100000000,0.100000000,0.010000000,0.010000000,-0.236000000,0.236000000,0.002726611,0.002726611,0.012000000,0.012000000,5,0.050000000,1,0,0,0,0,0,0,-0.413275959,0.760378086,2.969035966
203.000000000,202.900000000,0.100000000,0,0,85,0,-0.100000000,0.100000000,-0.100000000,0.100000000,-0.100000000,0.100000000,-0.009200000,0.009200000,-0.136000000,0.136000000,0.002723678,0.002723678,0.000000000,0.000000000,5,0.050000000,1,0,0,0,0,0,0,-0.449479829,0.758894399,2.956025455
203.100000000,203.000000000,0.100000000,0,0,85,0,-0.100000000,0.100000000,-0.100000000,0.100000000,-0.100000000,0.100000000,0.010800000,0.010800000,-0.236000000,0.236000000,-0.005276322,0.005276322,-0.012000000,0.012000000,5,0.050000000,1,0,0,0,0,0,0,-0.562965345,0.777756381,2.955878699
203.200000000,203.100000000,0.100000000,0,0,85,0,-0.100000000,0.100000000,-0.100000000,0.100000000,-0.100000000,0.100000000,-0.010000000,0.010000000,-0.136000000,0.136000000,-0.005270252,0.005270252,0.000000000,0.000000000,5,0.050000000,1,0,0,0,0,0,0,-0.643469435,0.786014880,2.949273150
203.300000000,203.200000000,0.100000000,0,0,85,0,-0.100000000,0.100000000,-0.100000000,0.100000000,-0.100000000,0.100000000,0.010000000,0.010000000,-0.236000000,0.236000000,-0.005273180,0.005273180,0.012000000,0.012000000,5,0.050000000,1,0,0,0,0,0,0,-0.756788880,0.682646758,2.948807716
203.400000000,203.300000000,0.100000000,0,0,85,0,-0.100000000,0.100000000,-0.100000000,0.100000000,-0.100000000,0.100000000,-0.010000000,0.010000000,-0.136000000,0.136000000,-0.005276106,0.005276106,-0.004000000,0.004000000,5,0.050000000,1,0,0,0,0,0,0,-0.839900497,0.778334451,2.943897625
203.500000000,203.400000000,0.100000000,0,0,85,0,-0.100000000,0.100000000,-0.100000000,0.100000000,-0.100000000,0.100000000,0.010000000,0.010000000,-0.236000000,0.236000000,-0.005273029,0.005273029,0.000000000,0.000000000,5,0.050000000,1,0,0,0,0,0,0,-0.809697095,0.759471531,2.947405014
203.600000000,203.500000000,0.100000000,0,0,85,0,-0.100000000,0.100000000,-0.100000000,0.100000000,-0.100000000,0.100000000,-0.010000000,0.010000000,-0.136000000,0.136000000,-0.005275950,0.005275950,0.016000000,0.016000000,5,0.050000000,1,0,0,0,0,0,0,-0.897119677,0.727988275,2.947283902
203.700000000,203.600000000,0.100000000,0,0,85,0,-0.100000000,0.100000000,-0.100000000,0.100000000,-0.100000000,0.100000000,0.010000000,0.010000000,-0.236000000,0.236000000,-0.005272869,0.005272869,0.010000000,0.010000000,5,0.050000000,1,0,0,0,0,0,0,-0.895313670,0.720415838,2.951281523
203.800000000,203.700000000,0.100000000,0,0,85,0,-0.100000000,0.100000000,-0.100000000,0.100000000,-0.100000000,0.100000000,-0.010000000,0.010000000,-0.036000000,0.036000000,-0.005269786,0.005269786,-0.006000000,0.006000000,5,0.050000000,1,0,0,0,0,0,0,-0.958333826,0.776188065,2.952463797
203.900000000,203.800000000,0.100000000,0,0,85,0,-0.100000000,0.100000000,-0.100000000,0.100000000,-0.100000000,0.100000000,0.010000000,0.010000000,-0.136000000,0.136000000,-0.009284700,0.009284700,-0.010000000,0.010000000,5,0.050000000,1,0,0,0,0,0,0,-0.974231718,0.753843836,2.955226204
204.000000000,203.900000000,0.100000000,0,0,85,0,-0.100000000,0.100000000,-0.100000000,0.100000000,-0.100000000,0.100000000,-0.010000000,0.010000000,-0.036000000,0.036000000,-0.005284523,0.005284523,-0.022000000,0.022000000,5,0.050000000,1,0,0,0,0,0,0,-1.035446093,0.795616710,2.956015956
204.100000000,204.000000000,0.100000000,0,0,85,0,-0.100000000,0.100000000,-0.100000000,0.100000000,-0.100000000,0.100000000,0.010000000,0.010000000,-0.136000000,0.136000000,-0.001275430,0.001275430,0.006000000,0.006000000,5,0.050000000,1,0,0,0,0,0,0,-1.010331123,0.783960038,2.948437336
204.200000000,204.100000000,0.100000000,0,0,85,0,-0.100000000,0.100000000,-0.100000000,0.100000000,-0.100000000,0.100000000,-0.010000000,0.010000000,-0.236000000,0.236000000,0.002721664,0.002721664,-0.012000000,0.012000000,5,0.050000000,1,0,0,0,0,0,0,-1.078059616,0.797141516,2.959490824
204.300000000,204.200000000,0.100000000,0,0,85,0,-0.100000000,0.100000000,-0.100000000,0.100000000,-0.100000000,0.100000000,0.010000000,0.010000000,-0.136000000,0.136000000,-0.005278336,0.005278336,0.010000000,0.010000000,5,0.050000000,1,0,0,0,0,0,0,-1.073226247,0.817377880,2.960002443
204.400000000,204.300000000,0.100000000,0,0,85,0,-0.100000000,0.100000000,-0.100000000,0.100000000,-0.100000000,0.100000000,-0.009600000,0.009600000,-0.236000000,0.236000000,-0.005281239,0.005281239,-0.008000000,0.008000000,5,0.050000000,1,0,0,0,0,0,0,-1.190872531,0.882587438,2.962077597
204.500000000,204.400000000,0.100000000,0,0,85,0,-0.100000000,0.100000000,-0.100000000,0.100000000,-0.100000000,0.100000000,0.010400000,0.010400000,-0.136000000,0.136000000,-0.005272140,0.005272140,0.002000000,0.002000000,5,0.050000000,1,0,0,0,0,0,0,-1.243672605,0.941547683,2.955852818
204.600000000,204.500000000,0.100000000,0,0,85,0,-0.100000000,0.100000000,-0.100000000,0.100000000,-0.100000000,0.100000000,-0.010000000,0.010000000,-0.236000000,0.236000000,-0.005275039,0.005275039,0.006000000,0.006000000,5,0.050000000,1,0,0,0,0,0,0,-1.393826070,0.960048577,2.961891803
204.700000000,204.600000000,0.100000000,0,0,85,0,-0.100000000,0.100000000,-0.100000000,0.100000000,-0.100000000,0.100000000,0.010000000,0.010000000,-0.136000000,0.136000000,-0.009259935,0.009259935,-0.012000000,0.012000000,5,0.050000000,1,0,0,0,0,0,0,-1.541227104,0.915278687,2.968493948
204.800000000,204.700000000,0.100000000,0,0,85,0,-0.100000000,0.100000000,-0.100000000,0.100000000,-0.100000000,0.100000000,-0.010000000,0.010000000,-0.036000000,0.036000000,-0.005259722,0.005259722,0.000000000,0.000000000,5,0.050000000,1,1,1,1,1,1,2,-1.629394023,0.847716250,2.944390557
204.900000000,204.800000000,0.100000000,0,0,85,0,-0.100000000,0.100000000,-0.100000000,0.100000000,-0.100000000,0.100000000,0.010000000,0.010000000,-0.136000000,0.136000000,-0.005256613,0.005256613,0.010000000,0.010000000,5,0.050000000,1,1,1,1,1,1,2,-1.720513123,0.900249425,2.946851776
205.000000000,204.900000000,0.100000000,0,0,85,0,-0.100000000,0.100000000,-0.100000000,0.100000000,-0.100000000,0.100000000,-0.010000000,0.010000000,-0.136000000,0.136000000,-0.005259502,0.005259502,-0.008000000,0.008000000,5,0.050000000,1,1,1,1,1,1,2,-1.737260151,0.911899346,2.956508773
205.100000000,205.000000000,0.100000000,0,0,85,0,-0.100000000,0.100000000,-0.100000000,0.100000000,-0.100000000,0.100000000,0.010000000,0.010000000,-0.236000000,0.236000000,-0.009256388,0.009256388,-0.004000000,0.004000000,5,0.050000000,1,1,1,1,1,1,2,-1.805140476,0.990712439,2.947579082
205.200000000,205.100000000,0.100000000,0,0,85,0,-0.100000000,0.100000000,-0.100000000,0.100000000,-0.100000000,0.100000000,-0.009600000,0.009600000,-0.036000000,0.036000000,-0.009259273,0.009259273,0.010000000,0.010000000,5,0.050000000,1,1,1,1,1,1,2,-1.874730479,1.016785516,2.946832336
205.300000000,205.200000000,0.100000000,0,0,85,0,-0.100000000,0.100000000,-0.100000000,0.100000000,-0.100000000,0.100000000,0.010400000,0.010400000,-0.136000000,0.136000000,-0.005250155,0.005250155,-0.016000000,0.016000000,5,0.050000000,1,1,1,1,1,1,2,-1.882136761,1.064644174,2.944171515
205.400000000,205.300000000,0.100000000,0,0,85,0,-0.100000000,0.100000000,-0.100000000,0.100000000,-0.100000000,0.100000000,-0.010000000,0.010000000,-0.036000000,0.036000000,-0.005244036,0.005244036,-0.006000000,0.006000000,5,0.050000000,1,1,1,1,1,1,2,-1.939647664,1.064631810,2.945289207
205.500000000,205.400000000,0.100000000,0,0,85,0,-0.100000000,0.100000000,-0.100000000,0.100000000,-0.100000000,0.100000000,0.010000000,0.010000000,-0.036000000,0.036000000,0.002753085,0.002753085,0.010000000,0.010000000,5,0.050000000,1,1,1,1,1,1,2,-2.029902393,1.073584456,2.929350194
205.600000000,205.500000000,0.100000000,0,0,85,0,-0.100000000,0.100000000,-0.100000000,0.100000000,-0.100000000,0.100000000,-0.010000000,0.010000000,-0.136000000,0.136000000,-0.005249792,0.005249792,0.016000000,0.016000000,5,0.050000000,1,1,1,1,1,1,2,-2.048454943,1.130539190,2.928672165
205.700000000,205.600000000,0.100000000,0,0,85,0,-0.100000000,0.100000000,-0.100000000,0.100000000,-0.100000000,0.100000000,0.010000000,0.010000000,-0.036000000,0.036000000,-0.005255667,0.005255667,-0.006000000,0.006000000,5,0.050000000,1,1,1,1,1,1,2,-2.164992679,1.110628538,2.937972100
205.800000000,205.700000000,0.100000000,0,0,85,0,-0.100000000,0.100000000,-0.100000000,0.100000000,-0.100000000,0.100000000,-0.010000000,0.010000000,-0.136000000,0.136000000,-0.005252540,0.005252540,0.000000000,0.000000000,5,0.050000000,1,1,1,1,1,1,2,-2.185052371,1.154429198,2.948717231
205.900000000,205.800000000,0.100000000,0,0,85,0,-0.100000000,0.100000000,-0.100000000,0.100000000,-0.100000000,0.100000000,0.010000000,0.010000000,-0.036000000,0.036000000,-0.009249412,0.009249412,0.010000000,0.010000000,5,0.050000000,1,1,1,1,1,1,2,-2.245404551,1.120222077,2.950295374
206.000000000,205.900000000,0.100000000,0,0,85,0,-0.100000000,0.100000000,-0.100000000,0.100000000,-0.100000000,0.100000000,-0.009200000,0.009200000,-0.136000000,0.136000000,-0.005252281,0.005252281,-0.010000000,0.010000000,5,0.050000000,1,1,1,1,1,1,2,-2.235506989,1.155049466,2.954086802
206.100000000,206.000000000,0.100000000,0,0,85,0,-0.100000000,0.100000000,-0.100000000,0.100000000,-0.100000000,0.100000000,0.011200000,0.011200000,-0.036000000,0.036000000,-0.005246014,0.005246014,0.000000000,0.000000000,5,0.050000000,1,1,1,1,1,1,2,-2.295292314,1.192661835,2.962413909
206.200000000,206.100000000,0.100000000,0,0,85,0,-0.100000000,0.100000000,-0.100000000,0.100000000,-0.100000000,0.100000000,-0.009600000,0.009600000,-0.136000000,0.136000000,-0.005248878,0.005248878,0.002000000,0.002000000,5,0.050000000,1,1,1,1,1,1,2,-2.283672332,1.250853690,2.975804753
206.300000000,206.200000000,0.100000000,0,0,85,0,-0.100000000,0.100000000,-0.100000000,0.100000000,-0.100000000,0.100000000,0.010000000,0.010000000,-0.036000000,0.036000000,-0.009245740,0.009245740,-0.012000000,0.012000000,5,0.050000000,1,1,1,1,1,1,2,-2.358555261,1.250517452,2.993016443
206.400000000,206.300000000,0.100000000,0,0,85,0,-0.100000000,0.100000000,-0.100000000,0.100000000,-0.100000000,0.100000000,-0.010000000,0.010000000,-0.136000000,0.136000000,-0.005242601,0.005242601,0.002000000,0.002000000,5,0.050000000,1,1,1,1,1,1,2,-2.332887412,1.274048627,2.989446623
206.500000000,206.400000000,0.100000000,0,0,85,0,-0.100000000,0.100000000,-0.100000000,0.100000000,-0.100000000,0.100000000,0.010000000,0.010000000,-0.136000000,0.136000000,-0.005239459,0.005239459,0.010000000,0.010000000,5,0.050000000,1,1,1,1,1,1,2,-2.384878010,1.336714099,2.979046200
206.600000000,206.500000000,0.100000000,0,0,85,0,-0.100000000,0.100000000,-0.100000000,0.100000000,-0.100000000,0.100000000,-0.010000000,0.010000000,-0.236000000,0.236000000,-0.005242316,0.005242316,0.010000000,0.010000000,5,0.050000000,1,1,1,1,1,1,2,-2.465283301,1.374043574,2.984200956
206.700000000,206.600000000,0.100000000,0,0,85,0,-0.100000000,0.100000000,-0.100000000,0.100000000,-0.100000000,0.100000000,0.010400000,0.010400000,-0.032000000,0.032000000,-0.001245171,0.001245171,-0.010000000,0.010000000,5,0.050000000,1,1,1,1,1,1,2,-2.514448106,1.305936827,2.975182494
206.800000000,206.700000000,0.100000000,0,0,85,0,-0.100000000,0.100000000,-0.100000000,0.100000000,-0.100000000,0.100000000,-0.009600000,0.009600000,-0.132000000,0.132000000,0.002755124,0.002755124,0.004000000,0.004000000,5,0.050000000,1,1,1,1,1,1,2,-2.518331268,1.321208302,2.967240486
206.900000000,206.800000000,0.100000000,0,0,85,0,-0.100000000,0.100000000,-0.100000000,0.100000000,-0.100000000,0.100000000,0.010000000,0.010000000,-0.232000000,0.232000000,-0.005244876,0.005244876,0.006000000,0.006000000,5,0.050000000,1,1,1,1,1,1,2,-2.557968559,1.375222307,2.967655330
207.000000000,206.900000000,0.100000000,0,0,85,0,-0.100000000,0.100000000,-0.100000000,0.100000000,-0.100000000,0.100000000,-0.010000000,0.010000000,-0.132000000,0.132000000,-0.005253726,0.005253726,0.016000000,0.016000000,5,0.050000000,1,1,1,1,1,1,2,-2.548575131,1.317803194,2.953823097
207.100000000,207.000000000,0.100000000,0,0,85,0,-0.100000000,0.100000000,-0.100000000,0.100000000,-0.100000000,0.100000000,0.010400000,0.010400000,-0.232000000,0.232000000,-0.005256574,0.005256574,-0.006000000,0.006000000,5,0.050000000,1,1,1,1,1,1,2,-2.591974359,1.289780922,2.955535752
207.200000000,207.100000000,0.100000000,0,0,85,0,-0.100000000,0.100000000,-0.100000000,0.100000000,-0.100000000,0.100000000,-0.009200000,0.009200000,-0.130000000,0.130000000,-0.009262264,0.009262264,0.006000000,0.006000000,5,0.050000000,1,1,1,1,1,1,2,-2.618505884,1.323066060,2.967156649
207.300000000,207.200000000,0.100000000,0,0,85,0,-0.100000000,0.100000000,-0.100000000,0.100000000,-0.100000000,0.100000000,0.010800000,0.010800000,-0.230000000,0.230000000,-0.005262264,0.005262264,0.014000000,0.014000000,5,0.050000000,1,1,1,1,1,1,2,-2.593749541,1.350610400,2.978547149
207.400000000,207.300000000,0.100000000,0,0,85,0,-0.100000000,0.100000000,-0.100000000,0.100000000,-0.100000000,0.100000000,-0.009600000,0.009600000,-0.032000000,0.032000000,-0.005264946,0.005264946,-0.008000000,0.008000000,5,0.050000000,1,1,1,1,1,1,2,-2.582534625,1.319078223,2.977084796
207.500000000,207.400000000,0.100000000,0,0,85,0,-0.100000000,0.100000000,-0.100000000,0.100000000,-0.100000000,0.100000000,0.010000000,0.010000000,-0.132000000,0.132000000,-0.009267785,0.009267785,0.002000000,0.002000000,5,0.050000000,1,1,1,1,1,1,2,-2.618912242,1.291810615,2.961964144
207.600000000,207.500000000,0.100000000,0,0,85,0,-0.100000000,0.100000000,-0.100000000,0.100000000,-0.100000000,0.100000000,-0.010000000,0.010000000,-0.032000000,0.032000000,-0.005264621,0.005264621,0.010000000,0.010000000,5,0.050000000,1,1,1,1,1,1,2,-2.602527151,1.318047793,2.953848013
207.700000000,207.600000000,0.100000000,0,0,85,0,-0.100000000,0.100000000,-0.100000000,0.100000000,-0.100000000,0.100000000,0.010000000,0.010000000,-0.132000000,0.132000000,-0.005267456,0.005267456,-0.008000000,0.008000000,5,0.050000000,1,1,1,1,1,1,2,-2.669480399,1.304354749,2.952865584
207.800000000,207.700000000,0.100000000,0,0,85,0,-0.100000000,0.100000000,-0.100000000,0.100000000,-0.100000000,0.100000000,-0.009200000,0.009200000,-0.132000000,0.132000000,-0.005267120,0.005267120,-0.010000000,0.010000000,5,0.050000000,1,1,1,1,1,1,2,-2.695194935,1.334324637,2.943482784
207.900000000,207.800000000,0.100000000,0,0,85,0,-0.100000000,0.100000000,-0.100000000,0.100000000,-0.100000000,0.100000000,0.011200000,0.011200000,-0.232000000,0.232000000,-0.005284776,0.005284776,0.004000000,0.004000000,5,0.050000000,1,1,1,1,1,1,2,-2.644097539,1.325434012,2.940012081
208.000000000,207.900000000,0.100000000,0,0,85,0,-0.100000000,0.100000000,-0.100000000,0.100000000,-0.100000000,0.100000000,-0.009600000,0.009600000,-0.032000000,0.032000000,-0.005284423,0.005284423,0.010000000,0.010000000,5,0.050000000,1,1,1,1,1,1,2,-2.658659101,1.308284915,2.928342031
208.100000000,208.000000000,0.100000000,0,0,85,0,-0.100000000,0.100000000,-0.100000000,0.100000000,-0.100000000,0.100000000,0.011600000,0.011600000,-0.032000000,0.032000000,-0.001287244,0.001287244,0.000000000,0.000000000,5,0.050000000,1,1,1,1,1,1,2,-2.651062749,1.254785797,2.934513237
208.200000000,208.100000000,0.100000000,0,0,85,0,-0.100000000,0.100000000,-0.100000000,0.100000000,-0.100000000,0.100000000,-0.008400000,0.008400000,-0.132000000,0.132000000,-0.005284063,0.005284063,0.000000000,0.000000000,5,0.050000000,1,1,1,1,1,1,2,-2.632896436,1.204916366,2.933495696
208.300000000,208.200000000,0.100000000,0,0,85,0,-0.100000000,0.100000000,-0.100000000,0.100000000,-0.100000000,0.100000000,0.010000000,0.010000000,-0.032000000,0.032000000,-0.005307694,0.005307694,0.012000000,0.012000000,5,0.050000000,1,1,1,1,1,1,2,-2.577238909,1.283689786,2.936655373
208.400000000,208.300000000,0.100000000,0,0,85,0,-0.100000000,0.100000000,-0.100000000,0.100000000,-0.100000000,0.100000000,-0.010000000,0.010000000,-0.132000000,0.132000000,-0.005304507,0.005304507,0.014000000,0.014000000,5,0.050000000,1,1,1,1,1,1,2,-2.549759842,1.272858892,2.942416233
208.500000000,208.400000000,0.100000000,0,0,85,0,-0.100000000,0.100000000,-0.100000000,0.100000000,-0.100000000,0.100000000,0.010000000,0.010000000,-0.232000000,0.232000000,-0.009301317,0.009301317,-0.018000000,0.018000000,5,0.050000000,1,1,1,1,1,1,2,-2.511415413,1.233176550,2.935461623
208.600000000,208.500000000,0.100000000,0,0,85,0,-0.100000000,0.100000000,-0.100000000,0.100000000,-0.100000000,0.100000000,-0.010000000,0.010000000,-0.132000000,0.132000000,-0.009304125,0.009304125,0.000000000,0.000000000,5,0.050000000,1,1,1,1,0,1,2,-2.595636102,1.300231108,2.941219816
208.700000000,208.600000000,0.100000000,0,0,85,0,-0.100000000,0.100000000,-0.100000000,0.100000000,-0.100000000,0.100000000,0.004666667,0.004666667,-0.232000000,0.232000000,-0.009300931,0.009300931,0.016000000,0.016000000,5,0.050000000,1,1,1,1,1,1,2,-2.359730540,1.263469212,2.944862712
208.800000000,208.700000000,0.100000000,0,0,85,0,-0.100000000,0.100000000,-0.100000000,0.100000000,-0.100000000,0.100000000,-0.010000000,0.010000000,-0.332000000,0.332000000,-0.009291734,0.009291734,-0.006000000,0.006000000,5,0.050000000,1,1,1,1,1,1,2,-2.419485786,1.256667441,2.928331873
208.900000000,208.800000000,0.100000000,0,0,85,0,-0.100000000,0.100000000,-0.100000000,0.100000000,-0.100000000,0.100000000,0.010000000,0.010000000,-0.132000000,0.132000000,-0.005288536,0.005288536,0.004000000,0.004000000,5,0.050000000,1,1,1,1,1,1,2,-2.269769453,1.289620924,2.921615930
209.000000000,208.900000000,0.100000000,0,0,85,0,-0.100000000,0.100000000,-0.100000000,0.100000000,-0.100000000,0.100000000,-0.010000000,0.010000000,-0.232000000,0.232000000,-0.009285336,0.009285336,-0.016000000,0.016000000,5,0.050000000,1,1,1,1,1,1,2,-2.285371192,1.223474792,2.922295501
209.100000000,209.000000000,0.100000000,0,0,85,0,-0.100000000,0.100000000,-0.100000000,0.100000000,-0.100000000,0.100000000,0.010000000,0.010000000,-0.132000000,0.132000000,-0.009288134,0.009288134,-0.010000000,0.010000000,5,0.050000000,1,1,1,1,1,1,2,-2.179657562,1.272496040,2.930922808
209.200000000,209.100000000,0.100000000,0,0,85,0,-0.100000000,0.100000000,-0.100000000,0.100000000,-0.100000000,0.100000000,-0.008000000,0.008000000,-0.232000000,0.232000000,-0.005290929,0.005290929,0.004000000,0.004000000,5,0.050000000,1,1,1,1,1,1,2,-2.189954566,1.270357685,2.941404485
209.300000000,209.200000000,0.100000000,0,0,85,0,-0.100000000,0.100000000,-0.100000000,0.100000000,-0.100000000,0.100000000,0.012800000,0.012800000,-0.332000000,0.332000000,-0.005287723,0.005287723,-0.006000000,0.006000000,5,0.050000000,1,1,1,1,1,1,2,-2.136257649,1.196923650,2.938302225
209.400000000,209.300000000,0.100000000,0,0,85,0,-0.100000000,0.100000000,-0.100000000,0.100000000,-0.100000000,0.100000000,-0.008000000,0.008000000,-0.230000000,0.230000000,-0.001290515,0.001290515,0.020000000,0.020000000,5,0.050000000,1,1,1,1,1,1,2,-2.065796213,1.234141322,2.929981405
209.500000000,209.400000000,0.100000000,0,0,85,0,-0.100000000,0.100000000,-0.100000000,0.100000000,-0.100000000,0.100000000,0.012400000,0.012400000,-0.330000000,0.330000000,0.002712695,0.002712695,0.000000000,0.000000000,5,0.050000000,1,1,1,1,1,1,2,-1.954187606,1.184845974,2.924180022
209.600000000,209.500000000,0.100000000,0,0,85,0,-0.100000000,0.100000000,-0.100000000,0.100000000,-0.100000000,0.100000000,-0.006000000,0.006000000,-0.430000000,0.430000000,0.006715908,0.006715908,0.000000000,0.000000000,5,0.050000000,1,1,1,1,1,1,2,-1.956089526,1.127133237,2.929380141
209.700000000,209.600000000,0.100000000,0,0,85,0,-0.100000000,0.100000000,-0.100000000,0.100000000,-0.100000000,0.100000000,0.013600000,0.013600000,-0.232000000,0.232000000,-0.009304878,0.009304878,-0.006000000,0.006000000,5,0.050000000,1,1,1,1,1,1,2,-1.963641476,1.094268951,2.928821016
209.800000000,209.700000000,0.100000000,0,0,85,0,-0.100000000,0.100000000,-0.100000000,0.100000000,-0.100000000,0.100000000,-0.008000000,0.008000000,-0.332000000,0.332000000,-0.009307662,0.009307662,0.016000000,0.016000000,5,0.050000000,1,1,1,1,1,1,2,-1.955045917,1.021363418,2.929455204
209.900000000,209.800000000,0.100000000,0,0,85,0,-0.100000000,0.100000000,-0.100000000,0.100000000,-0.100000000,0.100000000,0.011200000,0.011200000,-0.432000000,0.432000000,-0.009304444,0.009304444,0.000000000,0.000000000,5,0.050000000,1,1,1,1,1,1,2,-1.919057313,0.986294736,2.932605837
210.000000000,209.900000000,0.100000000,0,0,85,0,-0.100000000,0.100000000,-0.100000000,0.100000000,-0.100000000,0.100000000,-0.008000000,0.008000000,-0.232000000,0.232000000,-0.009295223,0.009295223,-0.016000000,0.016000000,5,0.050000000,1,0,0,0,0,0,0,-1.853623786,1.120977271,2.933972753
210.100000000,210.000000000,0.100000000,0,0,85,0,-0.100000000,0.100000000,-0.100000000,0.100000000,-0.100000000,0.100000000,0.012000000,0.012000000,-0.332000000,0.332000000,-0.009298001,0.009298001,0.000000000,0.000000000,5,0.050000000,1,0,0,0,0,0,0,-1.786399653,1.130981248,2.942856275
210.200000000,210.100000000,0.100000000,0,0,85,0,-0.100000000,0.100000000,-0.100000000,0.100000000,-0.100000000,0.100000000,-0.009600000,0.009600000,-0.432000000,0.432000000,-0.009300777,0.009300777,0.000000000,0.000000000,5,0.050000000,1,0,0,0,0,0,0,-1.776650178,1.115630602,2.955177479
210.300000000,210.200000000,0.100000000,0,0,85,0,-0.100000000,0.100000000,-0.100000000,0.100000000,-0.100000000,0.100000000,0.011200000,0.011200000,-0.232000000,0.232000000,-0.009303550,0.009303550,0.018000000,0.018000000,5,0.050000000,1,0,0,0,0,0,0,-1.841619642,1.064348458,2.942978422
210.400000000,210.300000000,0.100000000,0,0,85,0,-0.100000000,0.100000000,-0.100000000,0.100000000,-0.100000000,0.100000000,-0.007200000,0.007200000,-0.332000000,0.332000000,-0.009306322,0.009306322,0.002000000,0.002000000,5,0.050000000,1,0,0,0,0,0,0,-1.890106381,0.992272853,2.941769732
210.500000000,210.400000000,0.100000000,0,0,85,0,-0.100000000,0.100000000,-0.100000000,0.100000000,-0.100000000,0.100000000,0.012000000,0.012000000,-0.132000000,0.132000000,-0.009309091,0.009309091,-0.008000000,0.008000000,5,0.050000000,1,0,0,0,0,0,0,-1.791136928,1.058935460,2.942208610
210.600000000,210.500000000,0.100000000,0,0,85,0,-0.100000000,0.100000000,-0.100000000,0.100000000,-0.100000000,0.100000000,-0.010000000,0.010000000,-0.232000000,0.232000000,-0.005311859,0.005311859,0.002000000,0.002000000,5,0.050000000,1,0,0,0,0,0,0,-1.727021667,1.099559054,2.941850377
210.700000000,210.600000000,0.100000000,0,0,85,0,-0.100000000,0.100000000,-0.100000000,0.100000000,-0.100000000,0.100000000,0.010400000,0.010400000,-0.332000000,0.332000000,-0.001308624,0.001308624,0.016000000,0.016000000,5,0.050000000,1,0,0,0,0,0,0,-1.588379268,1.184562943,2.945275050
210.800000000,210.700000000,0.100000000,0,0,85,0,-0.100000000,0.100000000,-0.100000000,0.100000000,-0.100000000,0.100000000,-0.009600000,0.009600000,-0.132000000,0.132000000,0.002691852,0.002691852,-0.006000000,0.006000000,5,0.050000000,1,0,0,0,0,0,0,-1.485512751,1.221929239,2.951624019
210.900000000,210.800000000,0.100000000,0,0,85,0,-0.100000000,0.100000000,-0.100000000,0.100000000,-0.100000000,0.100000000,0.010000000,0.010000000,-0.232000000,0.232000000,0.006695093,0.006695093,0.004000000,0.004000000,5,0.050000000,1,0,0,0,0,0,0,-1.311860672,1.205469383,2.955611618
211.000000000,210.900000000,0.100000000,0,0,85,0,-0.100000000,0.100000000,-0.100000000,0.100000000,-0.100000000,0.100000000,-0.010000000,0.010000000,-0.332000000,0.332000000,-0.009304907,0.009304907,-0.018000000,0.018000000,5,0.050000000,1,0,0,0,0,0,0,-1.259969110,1.218608911,2.956532472
211.100000000,211.000000000,0.100000000,0,0,85,0,-0.100000000,0.100000000,-0.100000000,0.100000000,-0.100000000,0.100000000,0.010000000,0.010000000,-0.232000000,0.232000000,-0.009301664,0.009301664,-0.006000000,0.006000000,5,0.050000000,1,0,0,0,0,0,0,-1.231243670,1.304097182,2.953231281
211.200000000,211.100000000,0.100000000,0,0,85,0,-0.100000000,0.100000000,-0.100000000,0.100000000,-0.100000000,0.100000000,-0.018000000,0.018000000,-0.332000000,0.332000000,-0.009298419,0.009298419,0.004000000,0.004000000,5,0.050000000,1,0,0,0,0,0,0,-1.127669154,1.218120635,2.959234817
211.300000000,211.200000000,0.100000000,0,0,85,0,-0.100000000,0.100000000,-0.100000000,0.100000000,-0.100000000,0.100000000,0.010000000,0.010000000,-0.432000000,0.432000000,-0.005295172,0.005295172,0.010000000,0.010000000,5,0.050000000,1,0,0,0,0,0,0,-1.181033544,1.323786185,2.957873697
211.400000000,211.300000000,0.100000000,0,0,85,0,-0.100000000,0.100000000,-0.100000000,0.100000000,-0.100000000,0.100000000,-0.010000000,0.010000000,-0.232000000,0.232000000,-0.009294924,0.009294924,-0.014000000,0.014000000,5,0.050000000,1,0,0,0,0,0,0,-1.119323394,1.237533504,2.950015400
211.500000000,211.400000000,0.100000000,0,0,85,0,-0.100000000,0.100000000,-0.100000000,0.100000000,-0.100000000,0.100000000,0.010000000,0.010000000,-0.332000000,0.332000000,-0.009294673,0.009294673,-0.002000000,0.002000000,5,0.050000000,1,0,0,0,0,0,0,-1.032161529,1.192086330,2.938094722
211.600000000,211.500000000,0.100000000,0,0,85,0,-0.100000000,0.100000000,-0.100000000,0.100000000,-0.100000000,0.100000000,-0.010000000,0.010000000,-0.230000000,0.230000000,-0.009291420,0.009291420,0.002000000,0.002000000,5,0.050000000,1,0,0,0,0,0,0,-0.952471732,1.096365401,2.946732024
211.700000000,211.600000000,0.100000000,0,0,85,0,-0.100000000,0.100000000,-0.100000000,0.100000000,-0.100000000,0.100000000,0.010000000,0.010000000,0.068000000,0.068000000,-0.009278909,0.009278909,0.006000000,0.006000000,5,0.050000000,1,0,0,0,0,0,0,-0.908363987,1.135572615,2.942812818
211.800000000,211.700000000,0.100000000,0,0,85,0,-0.100000000,0.100000000,-0.100000000,0.100000000,-0.100000000,0.100000000,-0.010000000,0.010000000,-0.032000000,0.032000000,-0.009272392,0.009272392,0.010000000,0.010000000,5,0.050000000,1,0,0,0,0,0,0,-0.921743005,1.135238257,2.945624313
211.900000000,211.800000000,0.100000000,0,0,85,0,-0.100000000,0.100000000,-0.100000000,0.100000000,-0.100000000,0.100000000,0.010400000,0.010400000,-0.032000000,0.032000000,-0.005281130,0.005281130,0.012000000,0.012000000,5,0.050000000,1,0,0,0,0,0,0,-0.919844224,1.197814959,2.940153159
212.000000000,211.900000000,0.100000000,0,0,85,0,-0.100000000,0.100000000,-0.100000000,0.100000000,-0.100000000,0.100000000,-0.009600000,0.009600000,-0.132000000,0.132000000,-0.001271867,0.001271867,-0.010000000,0.010000000,5,0.050000000,1,0,0,0,0,0,0,-0.832325726,1.171758322,2.953108225
212.100000000,212.000000000,0.100000000,0,0,85,0,-0.100000000,0.100000000,-0.100000000,0.100000000,-0.100000000,0.100000000,0.010000000,0.010000000,-0.132000000,0.132000000,0.002725398,0.002725398,0.000000000,0.000000000,5,0.050000000,1,0,0,0,0,0,0,-0.768773348,1.172802370,2.959678602
212.200000000,212.100000000,0.100000000,0,0,85,0,-0.100000000,0.100000000,-0.100000000,0.100000000,-0.100000000,0.100000000,-0.010000000,0.010000000,-0.232000000,0.232000000,-0.009271335,0.009271335,0.012000000,0.012000000,5,0.050000000,1,0,0,0,0,0,0,-0.762176727,1.187205264,2.960140733
212.300000000,212.200000000,0.100000000,0,0,85,0,-0.100000000,0.100000000,-0.100000000,0.100000000,-0.100000000,0.100000000,0.004666667,0.004666667,-0.132000000,0.132000000,-0.009268067,0.009268067,-0.008000000,0.008000000,5,0.050000000,1,0,0,0,0,0,0,-0.663979258,1.210945611,2.968183387
212.400000000,212.300000000,0.100000000,0,0,85,0,-0.100000000,0.100000000,-0.100000000,0.100000000,-0.100000000,0.100000000,-0.010000000,0.010000000,-0.032000000,0.032000000,-0.009270797,0.009270797,0.002000000,0.002000000,5,0.050000000,1,0,0,0,0,0,0,-0.673423620,1.207089835,2.953982567
212.500000000,212.400000000,0.100000000,0,0,85,0,-0.100000000,0.100000000,-0.100000000,0.100000000,-0.100000000,0.100000000,0.010000000,0.010000000,-0.032000000,0.032000000,-0.009261526,0.009261526,0.012000000,0.012000000,5,0.050000000,1,0,0,0,0,0,0,-0.671799463,1.194010379,2.966919721
212.600000000,212.500000000,0.100000000,0,0,85,0,-0.100000000,0.100000000,-0.100000000,0.100000000,-0.100000000,0.100000000,-0.010000000,0.010000000,-0.132000000,0.132000000,-0.009264253,0.009264253,-0.012000000,0.012000000,5,0.050000000,1,0,0,0,0,0,0,-0.725385939,1.189359287,2.958025808
212.700000000,212.600000000,0.100000000,0,0,85,0,-0.100000000,0.100000000,-0.100000000,0.100000000,-0.100000000,0.100000000,0.010000000,0.010000000,-0.032000000,0.032000000,-0.009266978,0.009266978,0.000000000,0.000000000,5,0.050000000,1,0,0,0,0,0,0,-0.784241449,1.221969479,2.956907905
212.800000000,212.700000000,0.100000000,0,0,85,0,-0.100000000,0.100000000,-0.100000000,0.100000000,-0.100000000,0.100000000,-0.010000000,0.010000000,0.068000000,0.068000000,-0.009269702,0.009269702,-0.010000000,0.010000000,5,0.050000000,1,0,0,0,0,0,0,-0.742290362,1.215240489,2.950283368
212.900000000,212.800000000,0.100000000,0,0,85,0,-0.100000000,0.100000000,-0.100000000,0.100000000,-0.100000000,0.100000000,0.010000000,0.010000000,-0.032000000,0.032000000,-0.009272425,0.009272425,0.002000000,0.002000000,5,0.050000000,1,0,0,0,0,0,0,-0.714472160,1.212381590,2.947046626
213.000000000,212.900000000,0.100000000,0,0,85,0,-0.100000000,0.100000000,-0.100000000,0.100000000,-0.100000000,0.100000000,-0.010000000,0.010000000,-0.032000000,0.032000000,-0.009275145,0.009275145,0.014000000,0.014000000,6,0.050000000,1,0,0,0,0,0,0,-0.742545384,1.245895618,2.946228430
213.100000000,213.000000000,0.100000000,0,0,85,0,-0.100000000,0.100000000,-0.100000000,0.100000000,-0.100000000,0.100000000,0.010400000,0.010400000,-0.132000000,0.132000000,-0.009271864,0.009271864,-0.006000000,0.006000000,6,0.050000000,1,0,0,0,0,0,0,-0.720143785,1.246349868,2.943980964
213.200000000,213.100000000,0.100000000,0,0,85,0,-0.100000000,0.100000000,-0.100000000,0.100000000,-0.100000000,0.100000000,-0.009600000,0.009600000,-0.030000000,0.030000000,-0.005268582,0.005268582,0.008000000,0.008000000,6,0.050000000,1,0,0,0,0,0,0,-0.670915627,1.267100730,2.946685128
213.300000000,213.200000000,0.100000000,0,0,85,0,-0.100000000,0.100000000,-0.100000000,0.100000000,-0.100000000,0.100000000,0.010000000,0.010000000,-0.030000000,0.030000000,-0.001271298,0.001271298,-0.008000000,0.008000000,6,0.050000000,1,0,0,0,0,0,0,-0.642491942,1.257084050,2.951697648
213.400000000,213.300000000,0.100000000,0,0,85,0,-0.100000000,0.100000000,-0.100000000,0.100000000,-0.100000000,0.100000000,-0.010000000,0.010000000,-0.030000000,0.030000000,0.002734988,0.002734988,-0.002000000,0.002000000,6,0.050000000,1,0,0,0,0,0,0,-0.603790290,1.276786410,2.958403262
213.500000000,213.400000000,0.100000000,0,0,85,0,-0.100000000,0.100000000,-0.100000000,0.100000000,-0.100000000,0.100000000,0.010000000,0.010000000,0.070000000,0.070000000,0.006732275,0.006732275,0.008000000,0.008000000,6,0.050000000,1,0,0,0,0,0,0,-0.527546157,1.304871777,2.957179807
213.600000000,213.500000000,0.100000000,0,0,85,0,-0.100000000,0.100000000,-0.100000000,0.100000000,-0.100000000,0.100000000,-0.010000000,0.010000000,-0.030000000,0.030000000,-0.009270436,0.009270436,-0.016000000,0.016000000,6,0.050000000,1,0,0,0,0,0,0,-0.524590256,1.289911804,2.950960393
213.700000000,213.600000000,0.100000000,0,0,85,0,-0.100000000,0.100000000,-0.100000000,0.100000000,-0.100000000,0.100000000,0.010000000,0.010000000,-0.030000000,0.030000000,-0.009273145,0.009273145,-0.004000000,0.004000000,6,0.050000000,1,0,0,0,0,0,0,-0.664561113,1.392869647,2.942112384
213.800000000,213.700000000,0.100000000,0,0,85,0,-0.100000000,0.100000000,-0.100000000,0.100000000,-0.100000000,0.100000000,-0.010000000,0.010000000,-0.030000000,0.030000000,-0.009275853,0.009275853,0.008000000,0.008000000,6,0.050000000,1,0,0,0,0,0,0,-0.692234870,1.438235060,2.923055357
213.900000000,213.800000000,0.100000000,0,0,85,0,-0.100000000,0.100000000,-0.100000000,0.100000000,-0.100000000,0.100000000,0.010000000,0.010000000,-0.030000000,0.030000000,-0.009272560,0.009272560,0.010000000,0.010000000,6,0.050000000,1,0,0,0,0,0,0,-0.690021142,1.445977138,2.896413529
214.000000000,213.900000000,0.100000000,0,0,85,0,-0.100000000,0.100000000,-0.100000000,0.100000000,-0.100000000,0.100000000,-0.010000000,0.010000000,-0.030000000,0.030000000,-0.009275265,0.009275265,-0.012000000,0.012000000,6,0.050000000,1,0,0,0,0,0,0,-0.706310111,1.511142993,2.861300922
214.100000000,214.000000000,0.100000000,0,0,85,0,-0.100000000,0.100000000,-0.100000000,0.100000000,-0.100000000,0.100000000,0.010000000,0.010000000,-0.030000000,0.030000000,-0.009271968,0.009271968,0.000000000,0.000000000,6,0.050000000,1,0,0,0,0,0,0,-0.654897437,1.536007256,2.821099926
214.200000000,214.100000000,0.100000000,0,0,85,0,-0.100000000,0.100000000,-0.100000000,0.100000000,-0.100000000,0.100000000,-0.010000000,0.010000000,-0.130000000,0.130000000,-0.009268670,0.009268670,0.014000000,0.014000000,6,0.050000000,1,0,0,0,0,0,0,-0.607057311,1.561532001,2.795359233
214.300000000,214.200000000,0.100000000,0,0,85,0,-0.100000000,0.100000000,-0.100000000,0.100000000,-0.100000000,0.100000000,0.010000000,0.010000000,-0.030000000,0.030000000,-0.009268068,0.009268068,-0.016000000,0.016000000,6,0.050000000,1,0,0,0,0,0,0,-0.605208670,1.537980660,2.759310394
214.400000000,214.300000000,0.100000000,0,0,85,0,-0.100000000,0.100000000,-0.100000000,0.100000000,-0.100000000,0.100000000,-0.010000000,0.010000000,-0.130000000,0.130000000,0.002731932,0.002731932,-0.004000000,0.004000000,6,0.050000000,1,0,0,0,0,0,0,-0.602743917,1.471091855,2.734315219
214.500000000,214.400000000,0.100000000,0,0,85,0,-0.100000000,0.100000000,-0.100000000,0.100000000,-0.100000000,0.100000000,0.010000000,0.010000000,-0.030000000,0.030000000,-0.005261461,0.005261461,0.004000000,0.004000000,6,0.050000000,1,0,0,0,0,0,0,-0.659090381,1.472842795,2.703801414
214.600000000,214.500000000,0.100000000,0,0,85,0,-0.100000000,0.100000000,-0.100000000,0.100000000,-0.100000000,0.100000000,-0.010000000,0.010000000,-0.030000000,0.030000000,-0.001258155,0.001258155,-0.016000000,0.016000000,6,0.050000000,1,0,0,0,0,0,0,-0.694619384,1.534295035,2.680942689
214.700000000,214.600000000,0.100000000,0,0,85,0,-0.100000000,0.100000000,-0.100000000,0.100000000,-0.100000000,0.100000000,0.010000000,0.010000000,-0.130000000,0.130000000,0.006733152,0.006733152,-0.002000000,0.002000000,6,0.050000000,1,0,0,0,0,0,0,-0.687391012,1.547919635,2.641834986
214.800000000,214.700000000,0.100000000,0,0,85,0,-0.100000000,0.100000000,-0.100000000,0.100000000,-0.100000000,0.100000000,-0.010000000,0.010000000,-0.030000000,0.030000000,0.006742460,0.006742460,0.010000000,0.010000000,6,0.050000000,1,0,0,0,0,0,0,-0.689704362,1.596773936,2.609971439
214.900000000,214.800000000,0.100000000,0,0,85,0,-0.100000000,0.100000000,-0.100000000,0.100000000,-0.100000000,0.100000000,0.010000000,0.010000000,-0.030000000,0.030000000,-0.009257540,0.009257540,-0.012000000,0.012000000,6,0.050000000,1,0,0,0,0,0,0,-0.699504503,1.598581206,2.587117697
215.000000000,214.900000000,0.100000000,0,0,85,0,-0.100000000,0.100000000,-0.100000000,0.100000000,-0.100000000,0.100000000,-0.009600000,0.009600000,-0.130000000,0.130000000,-0.009254230,0.009254230,0.000000000,0.000000000,6,0.050000000,1,0,0,0,0,0,0,-0.699362714,1.605604498,2.545555142
215.100000000,215.000000000,0.100000000,0,0,85,0,-0.100000000,0.100000000,-0.100000000,0.100000000,-0.100000000,0.100000000,0.010400000,0.010400000,-0.230000000,0.230000000,-0.009250918,0.009250918,0.010000000,0.010000000,6,0.050000000,1,0,0,0,0,0,0,-0.712276844,1.612748400,2.496754089
215.200000000,215.100000000,0.100000000,0,0,85,0,-0.100000000,0.100000000,-0.100000000,0.100000000,-0.100000000,0.100000000,-0.010000000,0.010000000,-0.130000000,0.130000000,-0.009247605,0.009247605,-0.012000000,0.012000000,6,0.050000000,1,0,0,0,0,0,0,-0.699389374,1.610917193,2.446898773
215.300000000,215.200000000,0.100000000,0,0,85,0,-0.100000000,0.100000000,-0.100000000,0.100000000,-0.100000000,0.100000000,0.010000000,0.010000000,-0.030000000,0.030000000,-0.009250291,0.009250291,0.000000000,0.000000000,6,0.050000000,1,0,0,0,0,0,0,-0.724464322,1.663507138,2.401605300
215.400000000,215.300000000,0.100000000,0,0,85,0,-0.100000000,0.100000000,-0.100000000,0.100000000,-0.100000000,0.100000000,-0.010000000,0.010000000,0.070000000,0.070000000,-0.009252976,0.009252976,0.012000000,0.012000000,6,0.050000000,1,0,0,0,0,0,0,-0.783277631,1.629946966,2.360130547
215.500000000,215.400000000,0.100000000,0,0,85,0,-0.100000000,0.100000000,-0.100000000,0.100000000,-0.100000000,0.100000000,0.010000000,0.010000000,-0.030000000,0.030000000,-0.009255659,0.009255659,-0.012000000,0.012000000,6,0.050000000,1,0,0,0,0,0,0,-0.821958268,1.613939823,2.317730159
215.600000000,215.500000000,0.100000000,0,0,85,0,-0.100000000,0.100000000,-0.100000000,0.100000000,-0.100000000,0.100000000,-0.010000000,0.010000000,-0.030000000,0.030000000,-0.009258341,0.009258341,0.000000000,0.000000000,6,0.050000000,1,0,0,0,0,0,0,-0.849039354,1.644334173,2.277566125
215.700000000,215.600000000,0.100000000,0,0,85,0,-0.100000000,0.100000000,-0.100000000,0.100000000,-0.100000000,0.100000000,0.010000000,0.010000000,-0.030000000,0.030000000,-0.005263701,0.005263701,0.010000000,0.010000000,6,0.050000000,1,0,0,0,0,0,0,-0.840665362,1.654337939,2.206910432
215.800000000,215.700000000,0.100000000,0,0,85,0,-0.100000000,0.100000000,-0.100000000,0.100000000,-0.100000000,0.100000000,-0.010000000,0.010000000,0.070000000,0.070000000,-0.005260379,0.005260379,0.012000000,0.012000000,6,0.050000000,1,0,0,0,0,0,0,-0.836671689,1.659411147,2.168416000
215.900000000,215.800000000,0.100000000,0,0,85,0,-0.100000000,0.100000000,-0.100000000,0.100000000,-0.100000000,0.100000000,0.010000000,0.010000000,-0.030000000,0.030000000,-0.001263055,0.001263055,-0.012000000,0.012000000,6,0.050000000,1,0,0,0,0,0,0,-0.825197687,1.675282253,2.129484224
216.000000000,215.900000000,0.100000000,0,0,85,0,-0.100000000,0.100000000,-0.100000000,0.100000000,-0.100000000,0.100000000,-0.010000000,0.010000000,-0.030000000,0.030000000,-0.005263055,0.005263055,0.002000000,0.002000000,6,0.050000000,1,0,0,0,0,0,0,-0.785413453,1.671196210,2.102871761
216.100000000,216.000000000,0.100000000,0,0,85,0,-0.100000000,0.100000000,-0.100000000,0.100000000,-0.100000000,0.100000000,0.010000000,0.010000000,0.070000000,0.070000000,0.006737596,0.006737596,0.012000000,0.012000000,6,0.050000000,1,0,0,0,0,0,0,-0.773858980,1.701575528,2.035559189
216.200000000,216.100000000,0.100000000,0,0,85,0,-0.100000000,0.100000000,-0.100000000,0.100000000,-0.100000000,0.100000000,-0.010000000,0.010000000,-0.030000000,0.030000000,-0.009262404,0.009262404,-0.006000000,0.006000000,6,0.050000000,1,0,0,0,0,0,0,-0.787018707,1.698364390,2.010283759
216.300000000,216.200000000,0.100000000,0,0,85,0,-0.100000000,0.100000000,-0.100000000,0.100000000,-0.100000000,0.100000000,0.010000000,0.010000000,-0.030000000,0.030000000,-0.005267747,0.005267747,0.000000000,0.000000000,6,0.050000000,1,0,0,0,0,0,0,-0.795870090,1.700153519,1.965819613
216.400000000,216.300000000,0.100000000,0,0,85,0,-0.100000000,0.100000000,-0.100000000,0.100000000,-0.100000000,0.100000000,-0.010000000,0.010000000,-0.030000000,0.030000000,-0.009270417,0.009270417,0.010000000,0.010000000,6,0.050000000,1,0,0,0,0,0,0,-0.774951983,1.684506445,1.913821592
216.500000000,216.400000000,0.100000000,0,0,85,0,-0.100000000,0.100000000,-0.100000000,0.100000000,-0.100000000,0.100000000,0.010000000,0.010000000,-0.130000000,0.130000000,-0.009273085,0.009273085,-0.014000000,0.014000000,6,0.050000000,1,0,0,0,0,0,0,-0.736858577,1.669188688,1.869518950
216.600000000,216.500000000,0.100000000,0,0,85,0,-0.100000000,0.100000000,-0.100000000,0.100000000,-0.100000000,0.100000000,-0.010000000,0.010000000,-0.030000000,0.030000000,-0.009269751,0.009269751,-0.014000000,0.014000000,6,0.050000000,1,0,0,0,0,0,0,-0.733489868,1.683009976,1.835053743
216.700000000,216.600000000,0.100000000,0,0,85,0,-0.100000000,0.100000000,-0.100000000,0.100000000,-0.100000000,0.100000000,0.010000000,0.010000000,-0.030000000,0.030000000,-0.009272416,0.009272416,0.000000000,0.000000000,6,0.050000000,1,0,0,0,0,0,0,-0.749208577,1.665650324,1.783190413
216.800000000,216.700000000,0.100000000,0,0,85,0,-0.100000000,0.100000000,-0.100000000,0.100000000,-0.100000000,0.100000000,-0.010000000,0.010000000,-0.030000000,0.030000000,-0.009269080,0.009269080,0.004000000,0.004000000,6,0.050000000,1,0,0,0,0,0,0,-0.784307262,1.679490545,1.736952793
216.900000000,216.800000000,0.100000000,0,0,85,0,-0.100000000,0.100000000,-0.100000000,0.100000000,-0.100000000,0.100000000,0.010400000,0.010400000,-0.130000000,0.130000000,-0.009271742,0.009271742,0.008000000,0.008000000,6,0.050000000,1,0,0,0,0,0,0,-0.740015808,1.633048335,1.706429177
217.000000000,216.900000000,0.100000000,0,0,85,0,-0.100000000,0.100000000,-0.100000000,0.100000000,-0.100000000,0.100000000,-0.009600000,0.009600000,-0.030000000,0.030000000,-0.005268403,0.005268403,-0.016000000,0.016000000,6,0.050000000,1,0,0,0,0,0,0,-0.741223464,1.625741860,1.647042262
217.100000000,217.000000000,0.100000000,0,0,85,0,-0.100000000,0.100000000,-0.100000000,0.100000000,-0.100000000,0.100000000,0.010000000,0.010000000,-0.130000000,0.130000000,-0.005265063,0.005265063,-0.010000000,0.010000000,6,0.050000000,1,0,0,0,0,0,0,-0.798545430,1.682086748,1.619370613
217.200000000,217.100000000,0.100000000,0,0,85,0,-0.100000000,0.100000000,-0.100000000,0.100000000,-0.100000000,0.100000000,-0.010000000,0.010000000,-0.130000000,0.130000000,-0.001258377,0.001258377,0.002000000,0.002000000,6,0.050000000,1,0,0,0,0,0,0,-0.806232951,1.682433353,1.560199284
217.300000000,217.200000000,0.100000000,0,0,85,0,-0.100000000,0.100000000,-0.100000000,0.100000000,-0.100000000,0.100000000,0.010000000,0.010000000,-0.230000000,0.230000000,0.002741623,0.002741623,0.012000000,0.012000000,6,0.050000000,1,0,0,0,0,0,0,-0.832649131,1.666842384,1.514778556
217.400000000,217.300000000,0.100000000,0,0,85,0,-0.100000000,0.100000000,-0.100000000,0.100000000,-0.100000000,0.100000000,-0.010000000,0.010000000,-0.228000000,0.228000000,0.006744967,0.006744967,-0.010000000,0.010000000,6,0.050000000,1,0,0,0,0,0,0,-0.816707359,1.675959433,1.473875603
217.500000000,217.400000000,0.100000000,0,0,85,0,-0.100000000,0.100000000,-0.100000000,0.100000000,-0.100000000,0.100000000,0.010000000,0.010000000,-0.328000000,0.328000000,-0.009257687,0.009257687,0.000000000,0.000000000,6,0.050000000,1,0,0,0,0,0,0,-0.828946598,1.719688633,1.446779415
217.600000000,217.500000000,0.100000000,0,0,85,0,-0.100000000,0.100000000,-0.100000000,0.100000000,-0.100000000,0.100000000,-0.010000000,0.010000000,-0.130000000,0.130000000,-0.009254340,0.009254340,0.012000000,0.012000000,6,0.050000000,1,0,0,0,0,0,0,-0.865417767,1.706796201,1.396041525
217.700000000,217.600000000,0.100000000,0,0,85,0,-0.100000000,0.100000000,-0.100000000,0.100000000,-0.100000000,0.100000000,0.010000000,0.010000000,-0.030000000,0.030000000,-0.009256992,0.009256992,-0.010000000,0.010000000,6,0.050000000,1,0,0,0,0,0,0,-0.822111071,1.674909995,1.350678894
217.800000000,217.700000000,0.100000000,0,0,85,0,-0.100000000,0.100000000,-0.100000000,0.100000000,-0.100000000,0.100000000,-0.010000000,0.010000000,-0.130000000,0.130000000,-0.009259642,0.009259642,0.000000000,0.000000000,6,0.050000000,1,0,0,0,0,0,0,-0.825846502,1.705282490,1.311193765
217.900000000,217.800000000,0.100000000,0,0,85,0,-0.100000000,0.100000000,-0.100000000,0.100000000,-0.100000000,0.100000000,0.010000000,0.010000000,-0.030000000,0.030000000,-0.009253291,0.009253291,0.010000000,0.010000000,6,0.050000000,1,0,0,0,0,0,0,-0.909969573,1.732005332,1.251554220
218.000000000,217.900000000,0.100000000,0,0,85,0,-0.100000000,0.100000000,-0.100000000,0.100000000,-0.100000000,0.100000000,-0.010000000,0.010000000,-0.130000000,0.130000000,-0.009255939,0.009255939,-0.010000000,0.010000000,6,0.050000000,1,0,0,0,0,0,0,-0.938846045,1.748836447,1.212546481
218.100000000,218.000000000,0.100000000,0,0,85,0,-0.100000000,0.100000000,-0.100000000,0.100000000,-0.100000000,0.100000000,0.010000000,0.010000000,-0.030000000,0.030000000,-0.009252586,0.009252586,0.000000000,0.000000000,6,0.050000000,1,0,0,0,0,0,0,-0.914676949,1.744558996,1.178053896
218.200000000,218.100000000,0.100000000,0,0,85,0,-0.100000000,0.100000000,-0.100000000,0.100000000,-0.100000000,0.100000000,-0.010000000,0.010000000,-0.130000000,0.130000000,-0.009255231,0.009255231,0.010000000,0.010000000,6,0.050000000,1,0,0,0,0,0,0,-0.890198653,1.756869336,1.140422687
218.300000000,218.200000000,0.100000000,0,0,85,0,-0.100000000,0.100000000,-0.100000000,0.100000000,-0.100000000,0.100000000,0.010000000,0.010000000,-0.130000000,0.130000000,-0.009251875,0.009251875,-0.014000000,0.014000000,6,0.050000000,1,0,0,0,0,0,0,-0.896338608,1.839675362,1.094204435
218.400000000,218.300000000,0.100000000,0,0,85,0,-0.100000000,0.100000000,-0.100000000,0.100000000,-0.100000000,0.100000000,-0.010000000,0.010000000,-0.030000000,0.030000000,-0.005254518,0.005254518,-0.002000000,0.002000000,6,0.050000000,1,0,0,0,0,0,0,-0.888397518,1.805131261,1.025302513
218.500000000,218.400000000,0.100000000,0,0,85,0,-0.100000000,0.100000000,-0.100000000,0.100000000,-0.100000000,0.100000000,0.010000000,0.010000000,-0.130000000,0.130000000,-0.001257160,0.001257160,0.006000000,0.006000000,6,0.050000000,1,0,0,0,0,0,0,-0.905133213,1.772295628,0.975886997
218.600000000,218.500000000,0.100000000,0,0,85,0,-0.100000000,0.100000000,-0.100000000,0.100000000,-0.100000000,0.100000000,-0.010000000,0.010000000,-0.030000000,0.030000000,0.002746200,0.002746200,0.016000000,0.016000000,6,0.050000000,1,0,0,0,0,0,0,-0.879074373,1.734838435,0.924943078
218.700000000,218.600000000,0.100000000,0,0,85,0,-0.100000000,0.100000000,-0.100000000,0.100000000,-0.100000000,0.100000000,0.010000000,0.010000000,-0.028000000,0.028000000,-0.009256440,0.009256440,-0.008000000,0.008000000,6,0.050000000,1,0,0,0,0,0,0,-0.845689290,1.722478232,0.897801079
218.800000000,218.700000000,0.100000000,0,0,85,0,-0.100000000,0.100000000,-0.100000000,0.100000000,-0.100000000,0.100000000,-0.009600000,0.009600000,0.070000000,0.070000000,-0.009247078,0.009247078,0.000000000,0.000000000,6,0.050000000,1,0,0,0,0,0,0,-0.837208216,1.688318940,0.853721587
218.900000000,218.800000000,0.100000000,0,0,85,0,-0.100000000,0.100000000,-0.100000000,0.100000000,-0.100000000,0.100000000,0.010800000,0.010800000,-0.030000000,0.030000000,-0.009243715,0.009243715,-0.016000000,0.016000000,6,0.050000000,1,0,0,0,0,0,0,-0.895082836,1.653053515,0.814645538
219.000000000,218.900000000,0.100000000,0,0,85,0,-0.100000000,0.100000000,-0.100000000,0.100000000,-0.100000000,0.100000000,-0.009600000,0.009600000,-0.030000000,0.030000000,-0.005246351,0.005246351,0.000000000,0.000000000,6,0.050000000,1,0,0,0,0,0,0,-0.930982465,1.716895277,0.785078923
219.100000000,219.000000000,0.100000000,0,0,85,0,-0.100000000,0.100000000,-0.100000000,0.100000000,-0.100000000,0.100000000,0.010400000,0.010400000,-0.030000000,0.030000000,-0.009248985,0.009248985,-0.018000000,0.018000000,6,0.050000000,1,0,0,0,0,0,0,-0.883908105,1.728776740,0.747769019
219.200000000,219.100000000,0.100000000,0,0,85,0,-0.100000000,0.100000000,-0.100000000,0.100000000,-0.100000000,0.100000000,-0.009600000,0.009600000,-0.130000000,0.130000000,-0.009245619,0.009245619,-0.002000000,0.002000000,6,0.050000000,1,0,0,0,0,0,0,-0.898534979,1.746329903,0.724385307
219.300000000,219.200000000,0.100000000,0,0,85,0,-0.100000000,0.100000000,-0.100000000,0.100000000,-0.100000000,0.100000000,0.010000000,0.010000000,-0.030000000,0.030000000,-0.009242251,0.009242251,0.010000000,0.010000000,6,0.050000000,1,0,0,0,0,0,0,-0.885050095,1.757616723,0.673761010
219.400000000,219.300000000,0.100000000,0,0,85,0,-0.100000000,0.100000000,-0.100000000,0.100000000,-0.100000000,0.100000000,-0.010000000,0.010000000,-0.030000000,0.030000000,-0.009250883,0.009250883,-0.014000000,0.014000000,6,0.050000000,1,0,0,0,0,0,0,-0.880452536,1.778996117,0.613961947
219.500000000,219.400000000,0.100000000,0,0,85,0,-0.100000000,0.100000000,-0.100000000,0.100000000,-0.100000000,0.100000000,0.010000000,0.010000000,-0.030000000,0.030000000,-0.005259513,0.005259513,0.008000000,0.008000000,6,0.050000000,1,0,0,0,0,0,0,-0.899309679,1.785935882,0.566548856
219.600000000,219.500000000,0.100000000,0,0,85,0,-0.100000000,0.100000000,-0.100000000,0.100000000,-0.100000000,0.100000000,-0.010000000,0.010000000,-0.130000000,0.130000000,-0.009265142,0.009265142,-0.016000000,0.016000000,6,0.050000000,1,0,0,0,0,0,0,-0.922579795,1.746079332,0.517172680
219.700000000,219.600000000,0.100000000,0,0,85,0,-0.100000000,0.100000000,-0.100000000,0.100000000,-0.100000000,0.100000000,0.010000000,0.010000000,-0.030000000,0.030000000,-0.005267770,0.005267770,-0.004000000,0.004000000,6,0.050000000,1,0,0,0,0,0,0,-0.929102118,1.760341087,0.472625116
219.800000000,219.700000000,0.100000000,0,0,85,0,-0.100000000,0.100000000,-0.100000000,0.100000000,-0.100000000,0.100000000,-0.010000000,0.010000000,-0.130000000,0.130000000,-0.001282396,0.001282396,0.012000000,0.012000000,6,0.050000000,1,0,0,0,0,0,0,-0.959514738,1.793673740,0.427999695
219.900000000,219.800000000,0.100000000,0,0,85,0,-0.100000000,0.100000000,-0.100000000,0.100000000,-0.100000000,0.100000000,0.010000000,0.010000000,-0.230000000,0.230000000,0.002714979,0.002714979,-0.010000000,0.010000000,6,0.050000000,1,0,0,0,0,0,0,-0.978654589,1.817926036,0.376446136
220.000000000,219.900000000,0.100000000,0,0,85,0,-0.100000000,0.100000000,-0.100000000,0.100000000,-0.100000000,0.100000000,-0.010000000,0.010000000,-0.130000000,0.130000000,-0.005287645,0.005287645,0.004000000,0.004000000,6,0.050000000,1,0,0,0,0,0,0,-0.961180976,1.843715502,0.349292805
220.100000000,220.000000000,0.100000000,0,0,85,0,-0.100000000,0.100000000,-0.100000000,0.100000000,-0.100000000,0.100000000,0.010000000,0.010000000,-0.230000000,0.230000000,-0.005287267,0.005287267,0.016000000,0.016000000,6,0.050000000,1,0,0,0,0,0,0,-0.920059196,1.833797298,0.295278524
220.200000000,220.100000000,0.100000000,0,0,85,0,-0.100000000,0.100000000,-0.100000000,0.100000000,-0.100000000,0.100000000,-0.010000000,0.010000000,-0.330000000,0.330000000,-0.005283888,0.005283888,0.002000000,0.002000000,6,0.050000000,1,0,0,0,0,0,0,-0.864131356,1.788833851,0.254706504
